4162
8060
2719
3348
8507
8200
5409
3343
0808
8114
8679
4766
9244
9480
8642
4994
7817
7207
6825
0109
8333
9410
3826
5078
1409
1856
9482
0372
9846
3175
0368
4814
8519
4087
2256
8845
6554
8249
8714
9214
5060
5014
5246
2601
7762
5300
4918
1179
5190
4832
1875
8994
8433
8948
7061
3559
4881
6753
1605
7146
1282
1259
8020
6905
5268
7426
8571
7434
0248
3943
5891
2505
8223
4111
9796
9527
5006
6230
3529
5319
7878
3521
1394
4764
3160
7658
4733
0562
3332
8837
5655
6991
1323
2741
7737
3362
5755
9791
2114
2597
4640
6984
8721
3406
6012
3910
0104
5496
7969
0021
9839
8959
3958
1192
2967
4117
4226
9837
7012
1803
8049
9230
8129
7642
0898
9128
0733
3481
7858
1929
8976
1181
0679
9776
3829
0106
9177
5445
2695
9731
8764
6352
7553
0713
4790
8640
7766
4912
5207
9789
7153
0172
3233
2881
6550
9368
5973
0034
1854
2458
2715
7119
2210
8432
6484
8271
5020
6284
4227
6368
0977
2808
3186
2110
4858
5109
8786
6963
6081
5752
2820
9854
3091
9902
7343
3357
2459
4444
7322
7310
5437
2586
7337
1945
1273
5681
2759
3780
7309
4178
1783
4399
5584
7522
4737
8398
1742
3351
8331
3965
5156
3589
8548
5799
7943
0101
0328
7409
9573
6960
1074
0041
2041
3610
9773
5094
4156
6937
2802
4819
4455
2182
2945
1309
6351
6001
0355
5350
4130
2357
0707
0946
2519
5801
8546
6250
7521
7774
2765
5075
0042
2439
5956
3655
5008
2954
6231
8852
9632
5558
3220
5029
8485
5446
5304
8580
4911
4292
9380
8460
4149
5925
6795
9721
1300
0441
8192
2278
3622
2452
6663
7747
7527
0043
3134
8889
4846
6882
2355
7755
6919
0151
7429
5063
4682
9536
3188
2401
4914
7333
1584
5650
9338
4859
1807
7170
4585
9563
4944
0704
3679
4472
8569
3760
8556
3353
8359
4770
6831
6511
6220
2000
4097
6721
5112
2140
2764
6958
4871
0066
0040
3877
3618
6820
1487
7373
7376
9395
3000
7640
3942
2251
9574
0930
2104
0864
1567
4128
3472
8434
9388
1250
6977
3241
9908
9759
7019
3530
0087
1881
4342
6503
5388
9015
9101
3221
6900
5019
7433
0910
5929
0941
0992
6423
5332
8195
8774
6262
5464
4952
8400
4207
9050
8825
3074
2261
2582
1551
7972
2799
3124
1020
4915
0682
1237
3776
8865
2359
2589
9360
5818
9729
1772
0637
2123
4008
0792
5421
7788
8255
3777
6419
3728
4354
3736
3161
9224
5960
6106
4294
3659
6944
2880
3900
8396
2380
1517
2698
8940
9808
6202
9309
0198
5868
2647
7060
0533
5243
1303
1495
9734
4462
5295
1080
7486
1270
0765
4899
0959
6822
2001
9110
6410
5873
9047
2710
8873
0721
8667
8121
1041
9597
4972
2201
7473
0032
7276
8829
4222
0566
4356
3155
2588
2421
8861
6365
0595
0919
1703
7264
1732
6636
2011
4652
2258
1677
9914
3522
7992
6443
3025
9934
3450
7941
5414
6310
6657
7925
1322
9246
1802
6941
9690
9606
3096
1252
0858
3791
3316
5714
6627
3075
2964
4339
3991
4759
9427
8182
4689
7976
3183
5758
7746
2635
1201
7392
2987
1415
8759
2863
9236
4493
1276
1286
4597
7222
5784
2175
8199
1519
0459
3768
6762
2645
4109
1047
4228
0633
3657
4359
5798
8332
9402
8442
5777
6943
2078
8243
3855
7909
9030
3845
8429
5691
7179
1262
9495
8796
4829
1393
4095
6759
5708
0810
7307
2177
8896
5623
2408
2889
1773
4763
0515
5847
7678
1100
3054
8144
4943
5148
6258
5792
2615
6718
1122
7744
0114
5748
1119
0215
5753
0189
5779
8849
9114
8491
4103
4962
3291
8749
0064
7536
9041
6826
1088
4045
4063
1205
2191
8260
2549
2898
6089
9463
7785
6112
3632
6297
5727
2994
0603
0553
8558
3510
4140
8428
8318
1904
9282
9821
9432
6888
3724
8927
3333
1593
5141
7127
8941
7996
4517
2047
5998
6778
1559
6999
8086
0623
5456
3556
3467
8579
6703
3620
7477
6777
9833
1510
3712
0236
1156
8355
3817
0439
5104
8265
2680
2108
9147
2870
5181
2135
8026
5501
1431
2890
7033
8754
5276
7007
8251
6655
8534
2241
1220
7575
3555
8980
2425
7049
5728
4465
9829
5086
8945
5624
8828
7131
7225
3378
8743
0088
9667
1407
0834
7150
9097
8322
6394
7956
2882
9651
7866
3413
0872
5309
4416
3567
3147
4408
0283
0149
1032
0597
3321
8069
9457
9940
9802
3424
7412
4625
3122
4316
6649
3177
9787
4431
8266
6697
7660
9222
9712
3806
2796
2911
5275
4774
5361
0102
2758
2959
9190
1150
8126
1340
0990
3892
8539
2009
7071
2216
0281
7055
7888
4541
4860
7589
6676
5537
0489
8350
6681
1318
0258
8939
5612
4041
7682
2494
8568
2405
0436
4314
7338
5785
3544
7874
0228
6210
5116
8055
1054
8366
8496
6166
0083
1600
8225
0866
8304
1025
0467
1522
2563
4724
3966
2447
6501
2556
5302
9438
3733
4728
8879
4937
8850
2117
4531
8954
6134
4392
3884
5686
6922
7911
7625
5671
9065
3648
5699
6276
0575
8118
7216
0678
9426
2607
7681
7782
5916
0641
1847
5930
2771
5103
2558
9111
2130
8630
8930
1648
5391
3873
7454
7203
2054
1380
7646
2785
3967
2525
2946
4476
2888
3654
3172
7205
2124
8394
7515
6405
5233
0450
6125
4321
0832
3080
5907
5245
7443
0045
9004
7388
1521
3153
2109
0626
8669
2727
4492
4792
4113
9520
2467
1526
5601
6471
8596
0110
8032
6807
9106
7052
0318
2220
1207
6555
0422
4771
1684
9858
4057
0437
1243
5383
0455
1474
5608
4405
9916
9905
1513
3035
4107
7562
6726
6989
8895
1467
7436
3402
1597
1735
0963
2304
6425
3660
5228
3249
2840
5470
6396
9874
9459
4194
6975
5505
9051
3079
3549
9637
5283
2717
1622
9955
3217
4924
1878
1462
5885
0673
7860
4176
6454
8840
5288
0098
5052
4204
3715
9928
3204
5392
1241
4475
1445
2188
0577
6137
9603
2419
9990
2375
5739
4754
6213
8153
1079
3974
7124
6225
5848
4709
5023
7017
4565
9268
4221
1172
7419
1882
6314
6307
3137
3267
8541
1170
9851
5407
5821
2752
7475
9820
5988
5897
2688
4237
6216
6607
9486
1305
1085
1817
5634
5648
8081
7184
4685
6997
0249
5637
9982
6408
4560
2118
7093
6544
4812
4494
2767
2096
3981
5519
1329
4322
1946
9571
4013
7632
4009
5364
1722
0483
8414
8943
4370
5136
5816
8550
8806
7584
9972
6979
3639
7916
6086
6584
0494
1222
2995
6836
1271
4229
0654
4340
3531
1901
0788
9780
5772
3693
2632
4998
1633
9121
7449
1059
5235
8839
0445
4818
3671
9801
2848
5186
1919
1954
9257
5274
1924
2725
5082
7400
0624
3754
6683
4477
7480
4627
1247
1921
5455
5254
8847
7570
4049
4428
1006
3315
1613
8385
0264
2059
4856
6994
9760
9228
3793
9127
5198
2283
6179
7657
7029
1167
9765
5291
3929
1229
0019
1765
9429
3322
2187
3759
3666
7587
3859
1885
6846
0753
6706
7461
0063
8997
0711
0448
8048
2965
6318
3984
3360
5632
4506
6326
3681
5773
8066
8498
4287
9499
4389
7242
8285
6775
0727
2678
6452
4262
9962
4828
9592
4806
6911
7735
5602
2151
2941
1442
3111
9607
0112
5013
0745
6980
2569
9798
3869
8284
7533
1072
5292
6769
8180
3795
2385
6684
2600
7117
0428
9922
7656
9697
6542
6465
6827
0208
4552
0876
1043
3340
3228
5804
3734
1720
4062
2662
0652
1638
4147
8898
9857
3835
8767
7041
2784
2940
2768
2535
9844
7051
9539
2243
4275
5299
3047
7406
4039
4827
5124
8508
6808
0036
2622
2962
8059
0499
6974
2748
6529
0751
2229
8068
2087
2917
3919
3923
4775
3545
2746
7667
2901
2984
5055
1996
2429
1215
3874
4367
5763
8369
6773
3985
1011
3100
8374
1264
8342
5110
7884
3127
4537
4239
1990
2373
1132
3596
1246
6357
8108
1373
9677
1967
2276
2161
1066
3992
5279
8009
5692
6545
4546
1896
4958
6582
8695
2780
9466
1975
6393
1843
8316
5778
3853
5677
0321
8986
2915
5012
1659
9189
9314
7905
5074
7903
3592
7214
1838
0590
6933
3052
6476
9317
2875
8188
8748
6608
6890
7814
9995
3784
8903
2159
1333
0828
7399
5166
6133
4524
6730
5009
6004
2023
0818
6147
3140
3525
3609
8137
9076
4250
6270
5809
6235
4208
9725
0500
6793
0161
2566
1338
1335
6032
3866
6203
9585
6289
4438
9276
9670
2149
7604
1109
8659
8203
5567
1115
9774
5197
5354
9241
1161
0486
9942
6768
8814
1695
9758
5226
6187
7414
1889
1017
4479
2963
2489
3248
9912
0294
0496
1734
4753
0915
0491
7998
6474
8294
2770
3933
7004
0188
9978
1344
4449
1233
6527
6458
6005
1124
3591
5472
9058
7819
4624
4681
7926
6987
2179
9072
9205
6115
0696
4534
6517
6130
2081
3766
1540
8601
3673
6033
7458
3682
8471
5481
1275
2055
5357
1514
2883
3569
1251
6116
7829
3463
6805
4064
9186
9049
1218
4522
9071
7181
1705
7621
3927
1258
1553
4142
3326
0061
7024
2667
6816
9164
6154
2091
4651
0012
7367
7606
5592
3015
7524
5618
2922
4278
8159
8313
1202
6329
5962
7233
9602
6013
7523
9564
2742
1518
6874
9293
2646
1337
0705
2173
8834
0820
7751
3126
9123
2814
6737
0512
2443
0551
4295
8105
3354
6226
7204
3284
6141
3708
7893
1498
0284
0844
8863
2286
1076
8813
5164
6301
9242
0405
4523
6042
7159
9423
4442
9938
8631
7176
1791
3698
4600
3084
9431
3945
7568
2669
4325
3305
3848
3414
2119
4446
8526
4249
5412
9589
1361
6774
7913
0194
6283
7837
7609
2470
5130
1608
6925
7155
4722
5115
1694
4821
2845
6121
7786
2923
2106
6356
0981
6098
4607
2663
4332
1623
0510
3394
2428
9825
3662
1692
9738
7365
0117
9374
2530
2394
9443
0458
1040
1189
4548
5178
8351
0136
6039
7574
9538
3744
9419
3223
3993
1888
7352
1053
9119
3104
5867
3816
3881
3264
7074
0759
7581
2545
5616
8386
8841
8803
2777
0837
4693
9831
5474
9494
9629
4987
4595
6195
5992
1725
8936
7173
6332
6040
9059
3048
0324
6618
2050
2531
2148
1730
7600
2591
6589
0361
0968
0074
6358
3703
7896
3688
3514
2576
3410
6185
1466
9261
0116
0071
8538
3585
8213
0365
4338
3036
6420
7489
5152
7169
1342
8953
8545
2131
0412
5427
3225
0409
2953
2132
7832
8736
9449
7630
1809
6450
6912
0229
8269
8007
0282
3308
3672
7767
0003
0661
7823
6871
7825
3202
5911
5479
1599
5250
9894
6183
0922
1611
2760
0426
9136
0659
1421
1697
6378
7537
8804
4551
8276
3619
3488
2127
5621
4343
1001
0741
5346
3499
0466
3278
4054
7794
3395
2856
4115
2336
8031
2817
1470
2292
0857
1712
1370
2640
3302
6374
3150
0241
0732
7805
8272
3209
9202
9824
0604
3442
0830
8455
9842
2018
8286
9088
8655
1678
4864
8687
6142
3516
6475
5502
8395
8518
5033
6748
7567
7890
8604
9793
1308
3580
4022
8938
2446
3788
9727
7742
4317
7854
6567
7510
8823
1297
1009
9699
5645
9240
9391
0377
8900
3049
3113
0314
2565
2533
0905
6119
9749
3103
5840
9091
8559
0279
5449
6499
5571
0841
1606
6156
9528
8050
0025
0802
6830
4785
1670
8978
6421
0634
1813
9669
3801
6685
7381
5323
8436
4705
9185
6593
8880
3314
6948
3575
0778
6862
3809
9684
1304
3579
3830
9270
4029
7955
3003
0723
9847
1395
5715
6069
3895
8423
2849
1029
6424
0685
7377
0770
5007
2294
0589
9782
9237
0621
8775
0520
3069
1550
9890
9633
6598
5546
0122
5442
1269
6962
7703
0059
1642
8768
0816
1044
0529
9676
4429
7316
5469
0580
9506
8618
0700
9786
1704
7427
4594
7892
0797
6876
8512
0022
0169
0138
2138
8635
6123
3542
2143
2418
0173
6229
4769
0729
9061
5489
5206
5025
3908
8300
2956
1496
2943
4415
4879
3461
3292
8524
1864
8299
0132
4168
2008
6672
0819
0561
3257
3166
0399
3416
1708
7139
3931
4138
0327
5846
4200
9216
0410
0124
5168
3374
7596
2991
1529
2604
1865
6810
5957
5483
1143
8345
3721
9107
7336
1668
2219
0069
4978
9673
6439
8831
0807
9192
4082
4059
2484
1468
0747
9977
4756
2656
7144
1240
5036
9009
8730
0892
8393
6038
4151
9542
3599
2838
5147
9086
3211
8044
4658
1918
3789
6495
8827
1868
4635
1857
8008
6008
0024
9352
2476
2473
9785
0205
7758
2093
9493
5630
2723
1582
6680
8682
0427
0960
3285
5997
1560
0177
6274
5284
0113
6242
2075
3977
1499
7749
7405
7612
6096
7261
2339
4723
6455
6193
6347
6035
8482
1965
8811
6929
7937
6626
0683
3640
9447
2080
8347
7393
4132
5026
1257
3245
9814
5850
6506
8406
4180
2711
4956
1845
4662
6631
0259
1400
4170
1923
7650
2724
6146
1943
9081
4550
0053
1478
7775
2926
1798
5900
7326
2568
1629
9399
0869
7855
0079
3723
9393
5842
6252
3408
4713
0246
2105
0913
8913
2186
1225
0464
6400
0513
6813
8283
0160
8467
5191
1210
3972
7870
1983
9239
9976
1583
2234
4690
5508
4352
9559
9269
6954
7885
0848
0602
1295
5108
9033
8555
5459
5877
0304
6908
9132
6932
8989
8030
9294
8522
2809
4807
2450
0949
5843
6970
3975
0877
3714
7262
4783
2221
4076
6266
7209
3206
7416
7980
6478
5106
2160
8109
2100
4772
0839
6530
9117
1096
2111
9614
1753
7466
3260
0509
6731
8985
1962
7237
1067
7576
9596
1206
8360
4210
5257
9775
9013
2209
3920
5159
2015
3626
4369
9707
4499
7081
2020
8375
0380
1208
5368
1290
9747
4746
8965
2818
0296
9153
4160
9600
8607
6664
8684
7835
9152
4157
0482
0976
5629
6028
9333
9026
4344
5810
7372
3665
5972
4903
2282
0754
7476
7853
9162
6829
1700
7048
7297
3755
6286
3485
6431
6030
7556
8253
2002
2788
6300
3959
7705
0749
1367
3968
2268
8805
4626
6324
5870
5742
0013
4310
9943
7633
4313
9387
2222
5338
4285
2158
4878
7408
7644
4521
3163
5428
3046
6783
0527
9933
5326
2540
2490
9070
4393
7975
4511
9159
6727
4426
0404
8942
1932
8307
7914
6363
6981
5447
1989
9546
8022
2944
5117
0813
6572
0130
7547
8047
5154
7425
8172
2185
2037
1527
7302
2338
9843
0715
8084
1176
2074
7420
5328
2859
2150
1706
6592
9948
9376
7844
8367
3283
3661
4281
7064
5466
4300
2003
9769
2550
8902
1475
1064
2978
0948
2515
4896
3872
1325
8795
0999
2970
7601
0508
3482
9330
1779
3487
6750
2704
3364
6667
0969
9301
1260
2708
3761
4904
3344
8043
8053
2442
0541
9382
3546
5380
4099
2260
2153
2868
0095
7784
1372
9636
5563
6648
6470
5653
5544
1630
8040
5396
0706
8388
2971
9422
4740
4784
5271
6120
9234
4639
2271
9761
1906
1571
6201
8476
2534
8091
7810
4504
6857
1869
2167
8883
3718
7544
8380
6508
7468
9985
1618
6024
0339
3550
9137
5825
8349
6978
6858
9296
0256
9489
6615
4712
7559
1248
5917
0988
5631
9232
8901
4216
8790
4269
8124
6560
2404
9233
4591
8741
3518
3937
8185
8846
2668
1933
3480
1332
4782
2444
6323
2891
8944
7314
1974
2006
3072
1440
6269
3821
6144
6200
9530
3775
8892
7750
0375
5004
8440
6686
4081
4012
8162
6492
8731
4917
1364
6780
8240
3565
8376
8220
4084
4451
4654
6027
8140
3856
4365
1819
1828
9532
7438
5635
9118
6528
1180
2610
6172
0214
8490
9936
4110
4855
6902
6551
7479
0400
5118
3252
4053
9609
9298
2527
9295
9188
5041
7714
9213
8599
2066
6249
1787
7770
8600
5314
9262
5667
8668
5384
3864
1986
1675
5287
1908
9800
2277
6079
6957
4471
8819
4286
8961
2089
3297
6180
8967
6489
1913
7232
1460
4959
2019
0954
4954
4743
2343
7059
2627
4070
2178
1110
1602
2410
0690
8971
4748
2806
4289
0288
9331
2821
9869
9811
0760
8389
0814
8705
6924
4825
9930
3868
4715
8193
3349
8712
2063
9644
5398
8421
4040
2511
3149
5587
8065
8521
9925
4955
9474
7549
7301
1151
3635
2501
8273
1339
4206
8074
5687
9120
4501
1365
3451
8603
2344
2330
7088
3151
3751
2899
3405
3535
8312
3171
9054
9372
4638
2391
6719
0369
9715
5944
1833
7271
7792
1165
0373
2976
2248
1301
8645
8674
8957
6634
0945
0588
5939
3298
7831
9519
4970
4480
4308
8678
5145
8520
9784
4411
2474
4016
2269
3935
0197
3813
8769
0244
4641
2198
4797
9921
6711
7733
0607
1702
3138
1444
8033
4326
2547
4520
6959
9730
9987
5919
4349
3597
6267
6669
5625
1357
7254
1018
3146
8494
9403
5976
6609
5673
9322
9409
1188
6194
0838
4072
7000
9052
3804
0769
3745
3452
2653
8627
0330
4996
1144
7806
0030
7197
5370
0091
8018
5251
5636
9288
1366
7095
6477
2529
7016
0645
7035
0530
4242
2606
6438
8119
1398
2358
1182
2402
0176
0737
3403
0809
2905
0767
4602
9518
0579
5761
4752
9817
5964
8860
0145
0669
1230
8317
1804
5945
2872
7185
5654
7382
8325
8657
6131
9923
0593
8045
9502
3612
5027
1434
3613
5372
0744
7018
2603
2679
3946
0879
3677
4407
0826
1177
3021
7777
2828
1530
4096
7491
6945
4837
9552
3167
1914
3363
4360
2512
7363
4155
2479
8321
3796
4078
2126
9732
8070
3764
0576
4824
4497
6264
9487
8591
5854
5722
5744
0972
9020
6280
0782
5832
0943
6914
3674
9100
8489
1127
8216
5195
5833
2052
4729
5018
3296
0044
1153
8054
4290
0655
4033
8688
9104
3841
7988
5622
6942
9510
5951
1749
3890
3538
0425
3459
4125
5774
3445
4051
3258
6673
6556
8632
2437
5137
6841
4185
2262
0309
0146
0105
9266
2386
5453
6272
6491
5813
5690
8510
6334
8372
0612
5796
2042
1141
2141
2092
4702
1724
7031
6792
4606
8972
7800
7328
8862
5551
0787
3785
2902
0831
7713
5344
8488
6892
8686
3011
3771
0688
2835
0750
9200
5918
5576
7979
7948
9713
3934
8015
1656
6729
5640
7189
8608
9548
5353
0568
7348
2370
9966
3439
0942
5915
3419
4175
1909
4628
0218
1737
6756
3216
9002
4437
8799
1672
8392
1698
5872
4964
7219
2432
0728
9815
6616
5700
6926
2069
2165
6921
6760
1741
0724
4448
7370
1198
8933
8293
4454
9467
8798
3493
2155
7076
6855
8228
5242
0544
1502
0158
9377
9717
0684
8010
0255
7130
2121
6505
0608
6854
3842
4188
3647
4839
5780
6041
3418
5366
2562
5488
2842
8337
8664
1092
7934
5305
6931
7820
1397
4562
2620
2212
0528
4779
1862
7077
5669
9400
3087
2854
2194
2387
4834
2197
1105
8382
5129
3180
5989
6160
5723
7709
2739
5417
6265
4966
1128
5476
9305
8204
6539
0254
6354
6879
7509
1429
5674
7304
3583
0006
3145
4083
9286
4496
9316
5327
0997
6143
4238
3638
0291
0227
8713
8575
4816
9405
4861
9208
2786
1781
6148
1147
7684
5017
3970
4609
1500
3702
4800
6473
0133
1465
2309
5463
6173
8821
1235
8809
4811
2084
1917
7353
4481
1094
4400
3687
1627
9685
7764
1317
2302
2324
4533
0937
9996
6562
2651
6578
8176
0154
9718
1190
5517
2508
6247
2128
7253
7172
4159
5048
2332
7613
8387
0184
2761
3207
6294
8090
8438
5321
7982
3061
8314
6983
1411
5507
6757
5419
7811
5954
1815
9649
8098
4150
0639
0743
0722
9154
9572
4154
8003
9469
9804
7653
9503
3341
5223
8486
0804
5261
4120
0965
0417
7129
9988
9693
0438
0199
5374
0196
6102
5931
8960
3944
9416
5791
1084
6077
9743
5325
6515
6002
8245
7450
2925
7321
4916
3101
1505
3852
5493
4328
4593
3078
7206
3607
9533
7715
4666
3564
9134
2914
2193
9973
4425
0649
7983
8319
8160
3627
1321
7500
0656
1131
3548
4939
1234
9285
8356
8500
3697
3904
3683
3176
2383
2700
7402
5672
4678
9113
4255
7202
9595
2504
3882
4487
9339
0086
3560
6088
0899
1261
1000
5229
1910
9664
1634
4469
1418
4380
2728
1014
7218
5139
1674
3197
2146
8017
4642
2189
7030
3523
9735
8527
9872
1643
7620
0785
6670
8338
6390
7103
6176
1592
1142
1955
1663
1691
8036
4044
9864
8415
4718
5180
3941
0893
4074
2628
1744
8547
7371
0540
4467
7942
4436
4838
3148
4244
3774
1422
8588
3663
7605
4050
9531
8529
1226
8450
9544
2289
8951
9736
3658
3097
6516
0674
0503
5090
1481
8409
2510
8107
8912
8480
8478
0865
2935
2021
1480
4703
7508
8680
8377
7990
2259
5607
2763
1837
8908
1610
7200
1447
7287
3181
2513
6629
4091
8383
9148
3490
2871
1579
9558
0396
7841
7497
0873
9750
2308
8956
6315
8327
1719
2951
5512
6817
4456
6199
6319
2936
9686
7224
3862
1848
6485
8046
6743
6124
7894
5869
0675
1717
0630
8477
6150
0250
3824
3404
2342
6205
2772
7459
1714
1007
8111
5122
9359
5538
5477
5397
2190
3400
5750
5904
7723
0271
0451
3114
1232
1162
3238
4942
0677
8370
3365
1158
1950
9601
8916
6742
6428
4233
5301
2779
1867
6049
3143
6507
0333
2792
5278
3128
6355
0569
9483
5042
8469
4092
7907
2340
7013
5940
7573
5320
3300
4906
0297
3242
6819
0341
5331
3528
5996
1412
4100
4610
0261
2273
6047
9413
5209
4067
9034
2033
9149
0803
8919
3803
2609
9960
0615
0764
4027
0973
3319
3366
6085
9193
0352
5968
7113
0395
0686
1077
2323
6285
7369
3454
8346
9951
9570
7384
2347
8928
3833
8561
5324
5958
9095
5504
6321
5610
8290
8209
4665
3102
6145
7351
9701
1839
2657
0902
1379
3236
0784
1353
0070
5902
0928
7340
7886
1126
4928
3926
4986
0748
1620
4146
5347
6444
2297
4701
5514
0382
7824
9549
5310
7499
7027
4189
0424
3524
1693
7413
1464
5814
2929
7152
9859
4152
7140
5114
7374
3643
0232
5500
5371
0366
0843
5098
8130
1381
7118
9227
9172
0418
5230
5214
5510
8977
9003
1013
0175
0582
0277
8812
6803
0964
8609
3685
0009
7501
7504
4017
2022
3918
5580
6752
9140
7696
6071
3013
8305
1279
3838
7954
2287
4193
1563
9297
8689
2071
0312
5451
5404
7889
4663
7917
7867
6411
2077
9007
1884
2660
3762
3802
7539
9512
4137
3191
5083
1957
3713
3062
8691
3562
7096
3843
2390
1796
4404
5487
2120
2846
3222
7834
8881
0570
1544
9357
9910
8820
6809
2382
3369
5373
6139
2673
3453
6971
3581
6549
7294
1607
1764
9826
7278
9807
6940
0791
4802
5021
2613
9355
6591
5194
7783
5710
9927
3012
7765
5378
4283
1688
8092
3380
6402
0592
8690
9514
3489
7323
1121
0408
8726
0953
5559
5886
5569
2448
8115
5286
0651
9464
0164
5411
8145
9657
9516
7641
6519
0717
8147
6219
1566
0523
0416
3797
5002
4174
8533
0315
9223
1573
7107
1199
9616
6342
1825
9634
3865
1532
4976
1408
9746
7020
3757
3023
0119
9992
2392
4153
4121
6214
1351
0011
1042
4813
5756
3491
1062
2305
3423
3115
6441
5066
1682
3861
4848
3928
5239
1970
3794
8973
0292
9598
5193
1842
1078
3844
0207
9582
2411
4778
7403
6738
3623
3067
1994
2676
5892
7727
0970
5766
7312
9351
3262
5369
3006
9197
8254
2249
0506
8163
1023
5534
9954
5389
1319
4999
4298
5111
9394
3534
1855
2039
8824
0856
4672
2924
5058
0681
8257
1673
8523
9687
0989
6440
5626
3193
1653
6909
8974
4980
6206
9779
4500
3496
4182
4525
1801
6407
6006
4542
7211
7676
7634
0388
2462
1520
6135
6568
2263
8002
6955
5465
6847
9578
2811
4071
0931
8418
5471
3173
3537
4450
6597
4679
0231
7614
4995
9220
0609
2137
6540
5966
9901
7960
9183
1587
5864
7085
5985
8212
8001
8699
2440
7795
5367
8439
3849
8886
9473
2878
8296
4699
1841
6771
7188
6046
1715
8878
0812
5030
1626
3310
8141
9442
6995
5277
0944
8447
9392
9635
0505
6896
5697
6392
4245
1019
7588
3156
5253
1541
3274
9956
9583
4657
3005
6107
1491
7037
5685
7557
1254
2174
3701
2058
1129
8085
9471
3189
9129
2367
2637
7710
6907
0267
1239
2147
7422
8875
4201
6873
4199
8888
9169
6870
9679
1887
1657
4908
9882
5901
4582
9258
1005
1872
6304
4337
0697
8024
2974
1590
3024
5539
7265
6339
3373
6037
1187
8052
7513
8165
9365
8326
3557
9019
4412
5043
3978
4535
2618
4018
9806
1870
4616
5909
3185
5754
8906
8784
4406
2516
4891
6494
1876
2319
6174
1897
3040
2164
8982
5912
0939
4254
1267
1326
9414
7938
5553
2572
2775
6087
1757
0853
5970
5593
7863
7849
9590
9656
3037
0367
7961
0000
2932
4329
1745
2435
1216
6109
8644
6236
1538
4101
9766
6646
2910
7918
2992
5333
9838
5525
0174
1061
4692
3312
6463
8910
2034
8620
8745
6720
9983
5252
6695
7677
2895
9279
4622
1448
9194
9551
6435
9166
7693
9385
1428
5815
8335
3822
8268
5579
7147
5516
5990
6021
1576
3458
4414
9108
4515
6865
0286
3008
5175
7674
0480
1907
1728
6103
4453
3876
3867
1972
8242
7623
9367
9612
3352
9191
8207
8787
8551
1052
6218
5444
5978
2031
1639
4036
8652
5581
6065
0162
4105
5081
3243
9783
9724
0031
0829
5035
6641
9525
1425
9215
0886
7872
7043
5701
3558
6761
0822
7008
6541
9481
5351
7745
8133
6256
0201
9001
3899
4119
2414
8844
4847
5127
9744
2822
2374
3435
2353
1554
1117
8619
1780
3288
8211
0940
3268
3584
8885
7456
2731
3831
5706
2894
0766
3696
9926
1578
9187
2360
4265
0140
1863
9253
3960
1472
7154
6472
6388
2619
9207
3154
2942
7192
1902
6595
5293
2681
3879
6725
8693
9777
4590
6434
1743
8456
1814
9877
9611
8100
8156
0490
7087
4296
9231
4341
7808
8683
8391
0665
1399
9018
7283
3792
2577
8175
2730
5649
8138
7529
3532
3854
4489
1591
3750
3250
1027
9819
3179
3110
1197
6717
2281
0979
9828
4833
1168
9366
9543
8411
2409
0702
5119
5263
8626
5556
9325
3280
6740
9739
8777
3517
1186
0800
1534
5771
5606
3653
7387
0789
2670
5950
8247
4061
1263
7842
7815
4391
6298
1752
5241
0223
9584
4809
1586
4975
8802
9767
5034
4069
4440
1944
2993
2590
9343
7957
6547
1113
5227
7798
7729
7474
9627
0796
6275
7869
3901
8788
6548
7256
0709
3893
8231
2235
2237
3076
0712
3773
3915
4219
1217
2829
0907
6007
8578
9255
5883
5202
0798
6328
6885
5255
3470
0962
0558
9778
7110
0010
4897
3939
2466
4629
5712
5016
6100
0092
3032
0849
2571
9479
0052
4684
2825
0563
2264
8371
5342
7520
4686
6350
2431
6084
9957
6221
0152
2497
4695
8597
7246
9652
4850
7248
4085
9381
1155
4820
0586
1401
8237
7839
4424
7857
9979
1984
6525
4932
8189
7133
8101
7619
2520
1655
0048
8653
3964
8709
1242
6898
6553
5837
3645
4398
9620
2307
6082
2328
8426
7221
9897
6576
3678
1546
7912
9971
7711
5069
7247
1776
7968
1146
4031
0648
5740
0667
4538
7922
9323
1723
6108
2544
4894
7673
0613
1280
0307
7471
1101
1820
7687
3199
6875
4971
6894
3732
5965
1313
4371
6360
9010
1031
4093
7668
9969
5065
9201
8516
3269
1761
5991
2716
9105
0242
8310
8462
3422
9722
3644
9430
3066
8623
4466
1849
0739
6445
1021
3851
5596
3611
4720
4862
6075
6309
7846
6918
1931
5725
3950
9768
7840
4849
2553
9630
4516
6224
5693
7732
1489
8993
2461
9022
4611
6346
0799
2985
2116
3711
8914
7040
8643
6117
1055
6569
5566
1038
0578
0125
2692
2079
0148
8728
4413
7930
4835
7407
5619
7234
7028
2295
5827
1324
9313
0897
8274
4963
9522
2852
2560
4539
2085
7305
3770
1106
5831
7435
1652
3539
7731
2858
6159
8479
7213
1690
5317
9650
2567
4886
0880
5545
5426
6376
7056
6092
5133
8164
2453
9631
5005
3954
9716
4874
7217
4808
7986
1455
6712
8131
7699
2866
0967
2364
3430
4901
0938
1574
2518
9628
0926
1886
4619
6633
7944
9180
1281
6057
0273
8785
0349
0191
9156
2139
1988
2633
1320
9390
7498
0934
7285
8329
9594
8227
2612
0914
0730
3746
9362
8851
2311
2837
1469
2267
4543
9412
3743
8014
6546
1293
6255
7010
4127
2787
6344
5540
8628
3432
2180
6682
6859
6883
6884
3668
0671
5401
4586
5461
5155
5085
5165
8770
7506
6789
0912
6164
4603
5360
3615
3303
7251
8357
1099
2335
8184
4396
2983
1930
7664
4104
5881
5415
6387
6850
2694
6801
0178
7047
2934
0471
7989
1063
6552
5698
7518
3726
6956
5102
8224
8042
7135
9458
0329
8384
0980
1758
5211
6656
7608
9965
1419
0454
1069
6341
8006
0393
5076
4532
9888
0423
9306
8196
7629
9370
6397
7299
3051
6003
6923
8416
4888
1979
3722
0157
5647
2314
3446
1822
5662
5994
8987
8848
7334
1824
1829
9475
5149
1024
2350
7086
5894
4443
8822
3995
5484
3455
3617
6832
8150
6796
8564
7194
3827
8152
2090
9682
9688
3142
5713
5183
4420
0874
6299
0567
8950
5995
9708
3447
0348
5947
8719
0735
3730
2048
1549
6784
1194
1492
4139
7648
7985
5523
3464
0108
0298
1302
4165
5937
6271
1816
8893
3916
3050
0415
3486
5092
4909
1947
1539
6628
3787
2224
4253
7195
5531
6617
8178
2195
7999
2040
5231
6580
8464
8794
8577
9915
9860
7424
1794
6446
2892
3572
7290
7236
5955
8710
6044
7580
6913
4732
1766
4484
9454
0103
3232
1558
9754
4005
9221
7270
5217
8186
6878
0719
5757
8716
2420
8037
7690
6665
7083
4452
8340
1785
2733
3265
3210
7904
4171
4047
8595
6557
9865
6043
5359
7959
9243
7439
2671
6938
1548
9661
7920
4509
6893
2850
0195
6466
8417
9252
8984
6058
3912
1577
6433
1832
5807
3384
9491
9256
8239
2192
9500
7579
3002
4474
6045
0885
5475
3184
2244
5899
3725
5163
6196
9126
5022
9663
6461
5933
8079
1637
6535
1420
8275
4967
0772
6853
8458
0463
1058
6151
2073
8169
4432
0601
2225
8399
0378
9545
0479
7092
9302
3860
4880
8877
8746
2683
9999
4002
5434
9501
5652
9160
0525
6312
2010
7174
1285
6951
8999
3738
5764
4421
9350
2389
6640
1568
6303
7739
9204
1789
8673
6965
2736
0918
5200
6129
8051
2098
8171
7484
2745
2215
0026
4202
3828
8206
5387
3582
4505
2729
2056
5913
0644
1439
2014
7856
6091
5153
8542
3820
5617
7383
3979
7695
7503
7149
2957
0806
5032
6754
8715
3042
0390
4646
6886
2762
6253
1729
8637
4795
9364
2642
5146
9278
6192
3277
2918
5290
8859
8244
8874
5433
8454
1277
0394
6536
5236
4293
7075
6599
5107
7125
3030
5718
6767
4887
3337
3474
5878
0687
4260
9336
6844
9537
2416
0474
6566
9845
2714
3839
2398
6946
1347
7162
8747
0771
2555
7026
1976
8816
0200
3798
0504
5836
4545
1799
3440
7993
1163
7919
6794
4019
6237
3664
2986
6623
1075
9728
4217
3834
1818
8899
0107
9958
1494
9953
0402
4058
8041
9906
4631
8497
9920
6966
4876
0224
0776
5126
3894
6064
5402
2223
5680
2691
3125
3224
8324
9000
9328
5817
2101
7446
8093
6375
2701
8697
2559
1093
8315
4362
3379
9641
1922
5762
9461
2312
5515
4220
0629
1427
7430
6564
0121
6899
5775
0476
0950
8258
5851
7410
5719
7235
3200
5306
2200
6239
3306
3158
8638
3554
6612
8581
3466
7778
8422
0889
0332
8780
5880
9321
1614
0548
4430
2677
9465
5819
1770
0987
7190
6610
9986
5053
0883
8484
5385
9993
2496
3823
9229
3270
3988
7171
0056
1710
9932
1899
4240
4922
5541
7210
8772
4768
3276
1830
2968
0881
8354
0351
2157
1689
0306
3624
5865
5943
2713
8297
9883
6736
6537
7250
7558
7418
1046
0180
1098
4361
1497
1135
9840
2044
0289
6382
1493
2638
7734
5062
2495
0357
9283
4697
5097
3508
9133
1812
2552
7945
0840
0801
7563
6764
8707
9375
2331
1175
7583
1949
7395
6140
6364
1927
3492
0958
4563
0253
4694
1103
1203
8549
2199
4751
9287
8922
6872
2238
1542
3630
5375
4212
9174
4762
2274
4086
1588
0186
8241
2415
4129
0614
6268
2744
8758
3397
7748
0901
8554
6191
1265
0097
7542
1793
3417
5974
4401
8379
8470
4112
2070
9337
2206
6523
4844
5015
8955
6880
3409
7042
9353
9919
8757
8717
7759
5249
9540
8592
8459
3600
3086
1811
2102
7643
8120
4668
1512
4988
9248
4608
8214
7757
5657
4334
3996
6840
7123
1227
4422
8932
8158
3388
9567
3431
9621
1750
3256
9702
2988
3064
4205
9453
3324
4529
4030
5535
2626
2843
7281
9358
6645
5352
9622
4387
5177
0147
8514
9580
6815
8191
7538
6744
5845
2169
8461
0763
6866
9696
3808
7011
7599
0209
8166
0846
4553
1097
2884
0861
7100
9203
2239
4671
4530
4767
1138
5874
8617
4704
9772
2472
1378
7072
2532
9498
5045
1641
3506
6638
4133
7481
4090
7014
9329
8530
0280
9219
7531
7963
8038
1640
1174
7901
1327
5188
2841
9311
2168
5716
8662
4726
1423
9599
9468
1595
2162
8246
2329
7375
5749
8584
7136
8869
0699
4561
6395
6658
8890
1049
6901
5770
7257
2887
7730
7883
7101
7198
5895
0890
6625
1992
3375
9868
6457
3088
4931
7482
3017
7226
7534
5711
1535
6277
5613
7128
8071
4578
7702
7300
2592
6749
1184
3099
8403
2598
7036
9023
3178
8179
7717
3286
6538
9345
6745
8871
4230
1111
1616
5356
5835
0752
3694
6964
5887
4304
7818
0015
4377
1594
6138
9771
1256
5979
6404
9939
8410
2907
2272
9448
7694
4303
4633
9406
5746
6248
0805
7472
8062
4528
7111
3412
2819
4698
2036
8904
1107
4875
5480
2952
0978
7320
7428
9163
2486
5482
3475
2507
9038
5010
5890
4765
8793
1130
3691
6637
0449
1940
4299
3218
2064
5281
8311
4231
3756
9568
0054
6063
5903
9924
7569
1436
5339
3325
1666
6835
1733
2315
2454
5977
4554
8390
5888
0047
5557
7391
8593
2076
2379
8298
6903
3594
3949
4191
5905
4872
5088
1446
7366
3039
4738
9315
8058
9691
3055
1650
4736
2948
6153
9176
7447
1570
5529
0658
3706
7025
7444
9944
5820
3614
0008
0560
1362
2675
4037
6910
2975
1384
2154
9340
0781
6337
6011
3578
8725
0144
5605
3120
2227
4587
0495
7330
6514
1057
0317
7122
6451
6642
7385
3132
9404
0446
8344
1139
4853
4680
2134
6073
4913
5422
3346
6652
5503
6613
8025
2242
6949
0594
8250
3336
9946
1028
1375
4276
5934
5668
5330
2218
7753
2980
5406
9647
8612
0179
3448
6093
7275
2542
2644
9441
0421
3695
9300
9046
3390
8116
7362
3434
7686
9492
7046
3272
9608
6233
0465
7485
2107
1030
4006
9272
1928
7115
6521
4717
6070
4707
4302
8112
1891
9424
6480
5303
8095
2051
3168
0952
7160
1349
4122
1892
4441
1585
0389
5822
1371
8215
7970
3398
2503
8598
4927
4214
6575
5522
9876
7564
4968
2266
8677
1178
9896
5307
3501
3513
3428
2574
0825
0453
7284
7801
4195
6291
4235
3437
8289
5568
2684
3279
4312
7622
5318
9812
3082
6504
8870
5011
5826
4925
0090
9199
0891
0583
9195
5494
4989
8789
5473
2621
2230
7255
0929
8110
8330
2213
2426
2449
3994
4491
8921
2581
3649
9436
6345
1911
8143
2488
9642
7245
7244
5225
0285
6565
9935
9509
7528
3880
1443
4508
2291
9756
2999
4650
9879
1961
6806
1810
0163
1450
5760
1903
8197
3476
0336
9517
5805
2990
7182
6693
0468
0534
2144
7617
5260
7021
1644
4004
4621
5100
3704
3571
8474
2326
2666
7324
7740
6818
0078
4905
3570
8610
3637
3574
2536
8483
2253
4183
8867
9535
9742
4190
1873
8576
2754
7142
7358
0821
0646
8238
8762
6838
9077
7796
2738
9803
4268
1718
5688
9275
5793
9623
0346
4225
9460
2804
9112
0824
0895
0736
0694
0522
3616
5830
6953
1051
4282
2388
8230
1214
1893
2231
4247
5509
4581
9893
2017
2879
7545
6104
9080
9886
3004
2807
4014
1336
9124
7951
4993
5769
2492
7109
3807
0143
9011
0564
9752
1358
0216
5028
3741
8094
0701
7441
7105
3769
1501
3304
7108
3136
9591
2028
6208
2855
4655
9615
4374
1410
1844
9074
8513
7054
8146
4721
8647
8756
7469
5162
5315
6800
5643
3819
3157
2320
7847
3295
4688
6834
4845
3740
6867
4252
3832
9513
2346
8404
5349
7859
7411
9425
3990
3377
4568
4172
7183
9703
1713
8343
5767
8067
4363
6891
7861
9497
2122
5736
2112
8964
7493
6624
9396
6887
5179
1369
7923
5394
7933
6302
0755
4810
8063
6799
1458
2236
3606
5703
6338
3182
8378
6222
5506
1245
2523
9534
4351
6845
0924
0472
4761
4947
0303
5057
9171
0703
5393
9021
2438
5432
6691
5751
4486
1404
4011
6464
7771
1826
4882
6630
7552
4241
6066
0524
2288
5216
2517
4951
2115
5049
2958
2027
5575
3999
4840
6935
1778
7708
1982
3387
6296
5031
6111
1515
7404
4823
5492
7865
2912
3840
1082
6733
1709
7958
9575
1747
7987
6662
6861
0475
8656
9184
9440
1503
3593
0358
6198
6939
5172
8872
3187
6426
6094
0581
8005
1707
6316
3299
1348
3621
8381
8234
5803
4647
4984
3108
8270
8259
9694
5564
3421
4636
6053
4043
3235
6571
7079
0488
2369
9012
8835
5783
9753
3504
3906
2142
7148
1255
1292
6122
3016
2539
2464
6741
8590
3109
2493
5160
8281
2933
1209
3133
9063
2296
0947
1615
8582
7058
9903
0854
0738
2290
7229
1511
3311
9981
1509
9384
3963
2372
9439
7114
6490
6482
1343
9417
9645
7551
2830
3956
4108
7317
3393
3800
5462
6217
5953
2776
8905
8992
6889
1624
8089
3389
9356
7502
2732
2433
3230
8760
7571
2803
3281
3543
7156
7356
1307
6281
9565
5547
0313
5329
7572
9444
1211
7663
5702
1383
5928
5408
1980
0290
4211
5721
1993
2183
5548
2250
0779
4857
4869
8629
5337
1070
3519
5267
9989
2937
4184
3117
1746
1441
9421
3781
8532
6320
0262
6259
1483
5935
0935
7002
5123
7726
0238
4459
5248
1853
1424
8099
1861
0420
7850
7851
4957
4196
6702
3473
0331
8763
8339
9346
8602
6244
1148
5336
3898
2634
9093
7838
3812
1360
6056
4926
8836
4366
4080
7331
0460
2791
8528
5161
8696
3095
1486
0900
0618
3810
3573
7741
5093
3636
0334
8252
8830
7978
7610
9720
9005
3598
4575
8733
2920
5595
8947
9383
3251
7180
1196
0620
4032
2500
0543
9320
9141
4348
1463
9577
9624
5238
9998
7595
3962
8288
3707
3457
6029
5871
5743
0600
8039
4596
7361
1454
2649
6158
1244
2099
0517
9557
2885
4192
1840
5080
4088
1880
4145
1191
7488
2004
2930
2395
4730
5221
5768
6399
6099
7637
7651
5224
8202
7966
3329
8917
0619
5853
0322
0170
5458
7268
1609
0181
5747
3246
9904
0666
5961
6751
4336
2674
0401
2521
5684
2798
1716
4478
0340
2893
6432
9225
9794
0484
0668
6531
7295
2541
3339
1767
2322
4215
4615
2053
7991
1048
5518
1756
9959
3952
2522
3650
2982
5828
0142
2575
7311
3971
9740
9378
3905
8833
4263
9873
1651
8282
4757
5920
0171
4038
8402
1306
3566
7483
3779
0775
2345
8766
2362
9408
4218
8451
7329
1995
4664
7880
8446
1631
0432
1926
0127
1937
7593
8161
4758
7908
3680
2016
9411
4598
0596
9507
7953
8894
1456
3883
1157
1183
4277
4060
2245
0316
2617
1866
5666
6377
0587
6306
9991
9116
3118
4309
7380
2876
4075
3020
1330
7826
0708
9949
4805
0023
0689
8724
9039
4274
1925
5745
9371
6369
2972
5543
6677
3595
1835
5855
2655
4385
2407
7078
0790
1154
3347
8826
7887
0794
3309
4331
9852
0647
1449
9605
9341
0625
9887
9379
0584
8701
8132
0220
7780
3871
7273
5441
5731
1010
6157
1619
2030
4177
5735
0237
5316
6020
2371
5196
4674
6696
5788
6734
8613
0440
0287
6842
3141
3484
5258
5313
0991
6590
6459
7929
3887
6460
6211
1524
8198
8473
7565
7045
4258
1939
7679
5061
5908
4648
3105
3271
4427
4921
3382
5923
8465
6755
8012
8720
4301
8444
0780
8139
2722
5586
4186
0565
5661
7822
1991
5860
5646
3019
6724
5841
5308
5862
1685
7062
2874
3255
7163
3203
4259
4118
7877
0073
8190
6254
1506
9810
0662
3815
2636
0221
9681
9626
2955
2451
3629
3129
7431
2783
5379
4637
0783
3875
8504
3053
7548
2293
4584
3552
8177
6561
1831
9818
2170
2643
0272
9823
3782
4483
9433
0966
5555
7344
7761
1284
1416
4181
7378
8672
3001
4236
5857
2062
3420
1120
0370
7167
3135
4490
7432
9947
3159
9980
4781
4623
7607
2434
3237
4094
7566
8361
0295
9175
1895
6305
2973
8057
7928
2097
4267
0598
1575
3858
5096
3212
1219
3938
0975
0920
6811
2024
7659
1385
1601
5578
2961
6436
8373
2750
4614
3411
6241
1350
4434
6722
7995
8654
4046
6209
0888
4136
0153
9290
5105
0222
2480
9211
9284
7598
4936
7496
8267
6427
8704
4510
0927
6814
1850
2299
6126
4324
9581
9125
8064
8761
4021
7962
1388
9386
1426
7023
7161
9561
7327
2707
0507
0387
8675
0811
1268
1736
4048
3227
5683
7935
6802
2594
2939
5340
6361
4826
4358
2747
9709
2506
8154
1941
4423
6169
3936
4261
8078
6606
0932
5003
6101
9484
2900
7803
7223
7590
3407
6776
1874
6177
8995
5298
3903
2551
7452
5946
4977
4804
0347
3837
8301
2203
7266
0773
1687
2399
4742
6025
3338
0082
6240
5232
9770
9639
1636
0252
4691
9880
0226
2665
5513
1552
9462
3986
1834
6413
6331
7899
6668
2904
8103
2423
0835
3083
1647
4564
5941
3505
3266
7291
5849
8264
1296
5499
2682
7478
7350
5150
4588
9073
8560
7530
5639
5536
0552
6993
0555
2755
1665
9102
9083
3231
6532
1123
9044
1612
9060
5237
6927
8413
7094
8096
2032
5808
3376
1628
5128
5467
0354
2365
0413
6412
9434
9036
6097
4291
7286
6015
3709
8606
9143
4589
3090
8336
1312
3500
3234
5806
0338
6930
0916
9455
2211
6335
8279
1951
1036
2979
0345
0473
0270
5834
7082
2616
1905
0680
2827
6660
1516
3886
8028
4056
6577
0493
8427
5789
6732
2403
2481
2427
8990
0574
3507
6694
6132
3057
9678
9373
1311
5376
3144
8218
3790
0470
4867
4173
5938
8365
3073
5594
2103
4851
0137
9161
1438
8235
2475
4458
7672
4556
4645
6060
0636
7752
9967
4131
0726
1625
5620
5294
8732
3925
5490
4073
6614
1169
7455
9098
4716
9751
2349
9327
3355
5659
0591
6197
9451
5312
9037
5675
6543
8996
9369
8815
9144
5044
1354
6843
3059
7791
2445
6171
7635
2832
9008
0622
0035
3587
0240
4817
1387
0225
6747
2864
3669
3139
8463
7871
1797
1459
8660
6917
7964
8431
7339
8800
3551
3471
3213
0657
8503
8729
2699
7689
7873
0260
3983
7724
2368
9836
6588
9452
4710
4089
0126
4390
2254
0951
3399
4010
2361
0740
2400
0444
0917
1479
3947
8857
1490
5570
3107
2867
6765
2997
1533
3317
8855
8946
9504
7120
4015
3478
1073
2705
6856
1877
6184
6714
7006
6723
8016
4961
1711
1920
1589
1660
6881
0168
3460
9613
2950
1942
6227
4669
8543
0039
6282
6739
8449
2690
7228
7997
3909
9569
1646
9173
9889
2285
3045
5993
2316
4315
7946
8585
7915
1299
1081
0305
5921
6833
9830
0710
8634
8651
0908
7241
6586
1328
3275
4938
2465
3731
8205
9251
6343
1287
0923
7541
3018
2333
4935
6050
4895
4981
6190
8076
3783
8157
5866
3742
2989
2528
9748
8648
8466
1821
2641
8998
1900
6155
9862
7661
9167
3752
2611
0266
7364
0762
6605
4166
2751
1973
6215
9307
7186
9271
1136
5222
9260
5059
9363
6716
0430
7437
0411
6498
5914
7288
0605
6292
7267
3444
4279
8348
3502
1034
3857
4865
9672
3601
