4162
8060
2719
3051
3348
8507
8200
5409
3343
2747
0808
8114
9272
6346
8679
4766
9244
8264
8095
9480
8642
4994
2649
4296
6536
6460
7817
7207
6825
0109
8333
9410
3826
0668
5078
1409
1038
6714
1856
9482
0372
9846
3175
0368
9915
3840
4751
4814
8519
1821
4087
3420
2256
8845
5857
7687
6554
0918
8249
8714
6605
9214
4258
5060
9365
5014
5246
2601
7762
1168
5300
8922
4918
1179
3271
5190
4809
2575
4832
2683
1875
9880
8994
8433
8948
7061
5222
3559
4881
2365
5044
6753
1605
1778
8696
7146
9868
1483
0517
0888
1713
1282
1259
8020
6905
1024
5268
1988
4680
3898
7426
8571
4490
7434
0248
3943
5891
2505
8223
4111
9796
9527
5006
6230
4761
3529
8288
5319
7878
3521
1394
4764
3160
6361
7658
4733
6239
0562
3332
8837
5349
5655
6991
1323
5866
2741
5379
7737
7344
3362
5755
9791
6665
2114
2597
4640
9678
6984
8564
8721
3406
6012
3910
6633
2701
0104
5496
3471
7969
0021
9839
8959
3958
6764
5162
1192
2967
5097
3995
4117
4226
3280
9837
7012
6694
1944
9167
1803
8049
9230
6552
8129
7642
0898
9128
0733
3481
7858
1929
8976
1181
9010
0679
9776
3829
8877
0106
9414
9177
5445
1184
2695
9731
4371
9325
8764
7780
6352
7553
5049
6296
7250
0713
4790
5105
8640
7766
4912
5207
7668
9789
9171
7153
1766
2572
2522
2073
0172
3233
2881
2988
6550
9368
5973
0034
1854
8993
2458
5883
2715
9543
6723
5783
7119
2210
3266
7446
8432
6484
8271
6155
5020
6284
4227
1343
0958
8643
6368
0977
5434
1348
2808
3186
2110
9461
4858
5109
8786
4556
7711
6963
6331
6081
9598
5752
5909
7471
2643
2820
9854
9366
3091
9902
1849
7343
3357
2864
2459
4444
7322
7310
5938
5437
4474
2586
7337
1945
5513
6716
1273
5681
2759
7108
5586
3780
7309
5711
4178
1783
2611
4399
5584
7522
4737
1358
8398
8451
1742
3351
8331
3088
3965
5156
9516
3589
8548
5465
3234
5799
4182
7943
0101
7731
0328
7409
9573
2445
6960
1074
0041
2041
7295
3610
9773
7299
5094
4156
6937
9845
2802
4819
4455
2182
0168
4936
2945
1309
6351
6001
2028
0355
5350
4130
2357
0707
0946
1501
2519
3346
6856
5801
8546
6250
7521
4231
6835
7774
2765
5950
5075
0042
2439
5956
5127
3655
5771
5008
1378
2954
2064
2164
9540
7708
6231
8852
9632
5558
3220
3246
5029
6107
0495
8485
5446
5304
5535
8693
8580
4911
2142
4292
9380
8354
8747
1111
8460
0591
4149
5925
2144
5947
6795
9721
1300
0441
8192
7674
7873
2278
3622
8184
2452
6663
7734
6886
7747
7527
0043
3134
2040
8889
4846
3269
2039
9231
4166
6066
6882
7075
2355
7755
1745
6919
0151
7429
5063
3422
4682
6588
9504
9536
3188
2401
4914
7333
1584
5650
9338
0186
4859
1807
7170
4585
2322
5241
9563
4944
0704
2032
3679
4472
1319
9187
8569
1626
3760
8556
3353
0174
9083
8359
3732
4770
6831
6511
5751
6220
2000
4097
9926
6721
5112
2140
7265
2764
9751
6958
4871
0066
7579
3312
0040
8653
3090
6771
3877
3618
6820
1487
9652
9023
0389
7373
7376
9395
3000
7640
3942
2251
8699
9574
6153
0930
2104
0864
1567
4128
3472
0303
8434
6070
7987
9388
1250
6977
3241
0148
9908
7211
9759
7058
7019
6101
9901
3530
0087
1881
4342
1211
0142
6503
5388
9015
2137
5668
1558
7273
2751
9101
3221
6900
5019
7433
5330
5701
9904
0910
5929
5329
0023
0941
0992
6423
8690
6164
5332
8195
8774
7880
6262
5069
5464
4952
8400
4207
9050
8825
3074
0056
2261
2582
7403
3741
1551
6206
7972
2900
2799
3124
8390
1020
6305
4915
0682
1237
3776
5163
8865
4011
2359
5298
7761
2589
9360
5818
9729
2993
1772
0637
2123
4008
0792
5421
7788
8255
5467
3434
3777
3274
6419
3728
4354
5336
3736
3161
9224
5960
0479
9650
7908
6106
4294
3659
6944
0468
8146
2880
3900
0822
8396
2380
8677
1517
2698
8940
1031
9808
6202
8270
9309
0198
5868
4153
2647
7115
7968
7060
5179
0533
5243
6006
5002
9920
3231
1303
1495
9734
1263
7364
4462
5295
1080
7486
1270
5853
7192
0765
4899
0959
6822
2807
2001
9110
6410
5873
9047
2710
8873
0895
0721
8667
8121
6126
9694
1041
7485
9597
4972
1023
8191
4450
6964
2980
2237
0127
2201
7036
7473
0032
7276
6157
0252
8829
4222
3782
0566
4356
0313
3155
2588
2421
7149
9888
7923
6606
8861
6365
0595
0919
1703
7264
0195
1732
6636
3861
8542
2416
2930
2011
4652
2258
1677
9914
9481
3522
7992
6443
2238
3025
4427
5548
9934
3450
6209
7941
5414
6310
6657
7925
5575
1322
9439
9246
1802
6941
4525
9690
9606
3096
1252
8315
0858
3791
2567
3316
9454
5714
6627
3513
3075
1449
9947
2964
4339
3991
4759
9427
8182
4689
4999
6725
7976
3183
5758
7746
2635
1201
7392
9300
9897
2987
1415
8759
0490
1900
5126
2863
9236
9358
5831
6525
9356
1570
4493
1276
1286
4597
7222
5784
2175
8199
1519
0459
3768
6762
2645
4109
2989
1047
5281
4205
2449
4228
0633
3657
4359
0951
5798
8332
9402
6399
8442
5777
6943
2078
8243
2112
3855
7909
9030
3845
7186
4396
2296
8429
5691
7179
3800
1262
9495
1239
9641
8796
7563
4829
2676
1393
4095
6759
5708
0810
7307
2177
6233
8896
5623
2408
0766
2889
1773
4763
7548
0515
5847
7678
1350
1100
4921
0147
8152
3054
7430
3506
8144
4943
5148
6258
7861
5792
2615
6718
1122
7744
9396
0114
4844
5096
5748
1119
8324
1825
0215
6965
7014
5753
3397
0189
5779
0821
8849
9114
8491
4103
4962
4603
3291
8749
0064
4312
6776
8746
7536
1887
9041
6826
8120
1088
1793
4045
4063
1205
6092
2191
4817
4186
8260
5837
9353
9412
7740
2549
1824
2898
6089
9463
7785
6112
3632
3066
6297
0470
6597
5727
2994
6309
3828
0603
0543
0553
8558
5921
3510
4140
8428
8318
1904
9282
8824
9821
9432
0266
1573
1408
0332
6888
9783
3724
1818
1897
8927
3333
1593
5141
7127
8941
7996
8644
4517
2047
5998
6778
9448
1559
6999
8086
0623
5503
5456
3556
3467
8579
7410
4862
6703
3620
1123
8163
7477
6777
9833
1510
8403
2895
3712
0236
1156
6642
9577
5806
8355
3817
0439
2968
5104
8265
2680
2108
4716
9147
8012
2870
5181
2135
4253
8063
8026
5501
0622
1431
2890
7033
8754
5276
7007
8251
1716
6655
6482
8534
0719
2241
1220
7575
3555
6561
8980
2425
7049
5728
7993
4465
8761
7496
7387
9829
1299
4240
5086
8945
5624
8828
7131
7225
3378
0880
8743
7267
0088
2665
9667
1407
0834
7150
9097
8322
6394
7956
2882
0026
9651
7866
3413
7148
0872
5309
4416
3567
3147
7752
3807
8202
4408
0283
1049
2684
0149
1032
0597
6451
3321
6887
8069
9313
0348
7590
9457
3704
9940
9802
3424
0465
7412
3505
4625
3122
4316
6649
3177
9787
4431
8266
4980
4459
7356
6697
2939
3502
7660
9175
9222
7569
9712
3806
2796
2911
0738
5275
5899
4774
5361
0102
9887
3339
2758
2959
9190
1150
4510
8126
1340
5227
0990
3892
8539
2009
7071
3750
2216
9642
0281
7055
7888
5317
1320
2858
4541
4860
5878
7589
5735
1436
6676
5537
0489
8350
6191
6681
1256
1318
9709
0157
0258
4538
8939
5612
4041
7682
2494
9999
8568
2405
0613
0436
9283
4314
7338
5785
4757
7595
5901
4184
3544
7874
0228
1438
2544
6210
6741
6842
3557
5116
8055
1054
8366
8496
3534
6166
9567
0083
2307
1600
8225
0866
8304
1025
0467
6884
1522
2563
3994
8158
4724
3275
6624
3966
2447
9584
7572
2407
2488
6501
2556
0651
5302
3299
9438
3733
0619
4728
1874
8879
4937
8850
3726
2117
4531
8954
6134
4392
4857
3884
5686
6922
7911
7625
5671
9161
9065
9507
3648
5699
6276
0575
8118
7216
0678
9426
2362
2607
7681
7198
7782
3440
5916
0641
6847
1847
5930
2771
0272
5103
2558
9111
2130
1612
0506
2950
8630
8930
8052
3812
1961
0421
6046
1648
5391
3873
7454
7203
2054
6935
1380
7646
9823
2785
3967
2525
2946
4476
2888
3654
3172
7205
2124
8394
7515
4981
1296
6405
5233
5339
9568
0450
6125
4321
0832
3080
2361
7672
5907
5245
7443
0045
9004
7388
1521
3153
3232
2109
0626
9580
8669
2716
8267
9959
9810
2727
4492
5360
4792
4113
9520
2467
7226
9956
3950
1526
5290
5601
3999
6471
8590
8596
0110
8032
6807
9106
7052
1313
0318
2220
2850
1207
7710
0378
6555
0422
4820
4771
1684
5865
9858
4057
0437
0137
1243
5383
7566
0455
1474
2626
2832
5608
4405
9916
9905
1513
3035
4107
6865
0931
7562
6726
6989
9688
7087
8895
1467
8917
7436
3402
1597
1735
4491
0963
1652
3218
0740
2304
6425
3660
9243
5228
3249
2840
1489
5470
6396
8112
1027
9874
9459
4194
6975
1371
5505
8379
9051
2618
3079
4596
3549
9637
4093
4390
5283
6540
2717
5685
1175
1622
9955
3217
4924
1878
2493
9390
1462
5885
5161
5258
0673
7860
4176
6454
8840
4263
5288
0098
5052
4204
3715
4584
9928
5719
3204
5392
7358
1241
4475
1445
4085
2188
0577
6446
6137
2551
9603
2419
9990
2375
2986
5934
5739
4754
0140
6213
8153
4336
8205
1079
3974
7124
6225
5848
4709
5023
2555
7017
4565
9268
4221
1172
7419
1882
6314
6307
8426
8867
3137
3267
8541
9724
1594
1170
9851
2320
2253
5407
1685
4265
5821
2752
5408
7475
7439
9820
5988
5897
2688
4237
6216
9112
6607
9486
7724
1305
0035
1085
1817
1490
5634
5648
8081
4869
7184
4685
6997
5845
6504
0249
5637
9982
6408
4560
2118
6702
7093
7912
9742
6544
4812
4494
2767
2096
1673
4358
3981
6696
7188
5519
1329
4322
1946
9571
4013
0446
0223
7632
4009
7323
1940
5364
1722
5177
0483
4211
6899
8414
8943
0048
9708
4370
5136
5816
8550
8806
7584
9972
2924
7043
6979
3639
7916
2464
6086
1785
4484
6584
0494
5747
7481
1222
1723
2051
2995
6836
1271
4229
4422
8947
0654
4340
3531
4058
1901
0788
9780
3329
5772
9522
7305
3693
2632
0411
6099
1120
4998
1633
9121
7449
1059
8835
1069
5235
8839
9949
7614
0445
4539
4818
3671
9801
2692
7558
6392
2848
3963
8257
5515
5186
1919
8138
7771
1954
9257
5274
1924
8178
2725
8242
7180
5082
7400
5062
0624
3754
9722
6683
4477
2267
9160
6320
7480
4627
1247
1921
5455
5254
7291
8847
7570
4049
4428
0505
1006
7970
3315
1613
8385
9957
6537
0264
2236
2059
4856
6994
9760
9228
3793
9127
5198
0771
2283
6179
7657
7029
1167
9765
2454
5337
3203
5291
7432
4880
3929
7935
0408
0939
1229
2312
0019
6917
1765
9429
3876
3322
2187
3759
2281
3666
7587
3859
1885
6846
0753
6706
7461
0063
8997
0711
0448
8048
2965
1138
6318
3984
3360
8177
5632
1709
4506
6326
5892
1690
3681
3832
7011
5773
8066
3819
9879
2288
8498
2819
0702
1886
8241
4287
9499
4389
7242
8285
6775
0727
2678
6452
4262
9962
4828
9592
8447
3337
4806
6911
6880
7735
5602
2151
3118
2941
1442
0578
7849
1312
3111
8578
9607
0112
5013
0745
6980
2569
9798
3869
8284
7533
7078
1072
5292
0560
6769
8465
8180
1454
1420
1619
2328
3795
2385
1098
6684
2600
7117
0428
9922
0388
5433
7656
8298
4564
9697
6542
0393
6465
6827
8683
0208
9440
4552
0876
0270
4875
5356
1043
3340
3228
5804
0596
3734
1720
4062
2662
0652
2353
1638
4147
8898
9777
9857
3835
8767
7041
9464
6021
2784
2940
2768
0885
2535
9844
1578
7051
5011
9539
2243
4275
5299
3047
2027
1005
7406
4039
3947
2036
4827
1146
5124
8508
6808
0036
2622
2962
8992
8059
0499
6974
5202
2748
5815
6529
4069
0751
2229
3325
8068
2087
6754
2917
3919
3923
4775
6695
3545
2746
1666
7667
1203
2901
0717
2984
5055
6521
1996
2429
6722
1215
3874
7607
4367
5763
8369
6773
3985
1011
3156
3100
6898
8374
1264
8342
5110
0476
2031
7529
1546
3384
7884
3127
4537
1063
1425
4239
1034
5835
4669
1990
2090
2373
9129
5675
1132
3596
1246
6357
7190
5547
6100
8108
1373
6732
4291
9677
0387
1967
2276
2161
1066
5871
3992
5375
5279
8009
8613
5692
9565
6545
6303
8533
9612
2242
4546
1896
4958
6582
8695
7915
8528
2780
9466
3132
4139
1975
6393
1843
8316
1761
1174
5778
3853
5677
0321
8986
5659
1388
2915
4699
5012
5953
5509
1659
9189
9314
7905
2034
5074
7903
4895
3592
7214
7329
1838
4374
0590
6933
8101
3052
4707
6476
9317
2875
8188
8748
6608
6890
7814
9995
3784
6734
5697
8903
2159
1333
0828
7399
8085
5166
2225
6133
4524
0394
6730
3107
5009
6004
2023
0818
6147
3140
3525
3609
2180
9408
8137
0125
9076
4250
7094
6270
5809
6235
6614
4208
0739
9725
0500
5965
6793
0161
2566
1338
1335
2199
1139
6032
3866
6203
4672
9585
6289
4438
9276
9670
3475
6939
2149
6834
7604
1109
8659
8203
5567
1115
4845
7361
9774
5197
5354
9241
5905
1161
0486
9942
6768
2346
3115
6844
8814
1695
9758
5226
6187
1512
1099
7414
0709
1889
1017
1653
4479
2963
2489
3248
3377
9278
9912
1743
0294
3055
0496
1734
4753
2590
3212
0915
0491
5085
7998
6474
7435
1993
2285
8294
2770
3933
7004
0188
9978
0856
1344
4449
1233
6527
6458
6005
1124
3591
5472
9058
7819
4624
8619
9594
4681
3040
7926
1070
6987
3746
2179
9072
9184
3893
9205
0829
6115
3478
1628
2409
0696
4534
6517
6130
8281
5688
2081
3766
2822
1540
8601
3673
6033
7458
3682
1707
8471
5481
1275
2055
5357
7999
1514
2883
3569
1251
8224
6116
7829
3463
8206
7617
6805
4064
9186
9049
9627
5913
0357
7125
1218
4522
9071
7181
1705
9385
7621
3927
1258
1553
5803
2392
3108
4142
3326
0061
7024
2667
9046
6816
9164
6154
2091
5836
4651
4348
0012
7367
3507
7606
5592
3015
2713
5539
7524
3636
5618
4721
2922
4278
8159
8313
8016
1202
6329
5962
7233
7856
2379
9602
6013
7523
9564
2742
1518
4112
3730
0563
1486
8549
6874
9293
2646
1337
0705
7534
2173
1419
8834
0820
7751
5480
3126
9123
2814
6737
6217
0512
2443
0551
4295
4434
8105
3354
6226
7204
4279
2374
0796
2681
3284
6141
3708
7893
5762
5880
1498
0284
3756
0844
8863
0609
2286
1076
8813
6885
5164
6301
9242
0405
4523
8062
3593
6042
7159
9423
3095
6412
4442
9938
9442
8631
7221
2745
7266
7176
8577
1791
4030
3867
8745
3698
2503
4600
4674
3084
9431
3945
3595
4165
5564
7568
9394
2669
3740
4325
3305
3491
2577
1254
3848
3414
2119
5657
4446
8526
5822
4249
5412
9589
1361
6774
8133
1899
7913
0194
3566
6283
7837
7609
7726
2470
5130
3373
1608
7778
6925
3532
0598
7155
4722
5115
1694
4821
2845
6121
7786
5903
2923
5890
8422
2106
2829
6356
6053
9406
9583
6870
0981
6098
1520
0889
4607
2663
4332
3614
1623
0510
2305
2992
1010
4385
6646
3394
5411
2428
9825
3662
1692
9738
7365
5860
0117
9374
2530
2394
9443
3059
0458
1040
1189
4548
5178
8351
9223
0136
6039
8592
9971
5639
7236
7574
9538
4235
3744
9419
2985
3223
3993
1888
7352
1053
6011
9119
3104
3539
5867
8995
5066
3816
3881
3264
7074
5252
0759
7581
2545
5616
4088
8386
1081
8841
8803
3243
2777
2738
0837
4693
9831
5474
9494
9629
6441
4987
4595
6195
5992
1725
5175
5119
9141
5133
8936
7173
6332
3956
6040
2453
9059
3048
6440
8788
0324
4720
6618
2050
2531
2148
1730
7600
2591
6589
0361
5851
3701
1163
7922
0968
0074
6358
3703
8444
7896
1307
3688
7957
3514
2576
3410
6185
2431
3722
1466
9261
0116
0071
4657
8538
2837
3585
2878
2099
8213
3630
2293
9012
0365
4338
6063
5441
3036
6420
2539
7489
5152
7169
1342
4528
8953
8545
2131
0412
5427
3225
0409
2953
2132
9321
7832
8736
9449
4891
7630
0280
3954
1809
6450
6912
0229
8269
8007
0282
5340
2154
3308
3672
3375
0752
7767
5045
0003
0661
9838
2893
7823
9211
6871
7825
3202
7380
5911
5479
1599
5250
9453
8150
8103
9894
7046
6183
2103
0922
1611
2760
8982
0426
9136
0659
1421
1697
6378
7537
8804
9525
4551
0285
8276
3619
3488
2127
5621
4089
4686
4343
1001
0741
5346
3499
7111
0466
3278
4054
7794
3395
7699
2856
4115
0687
2336
6538
8031
2817
1470
2292
2730
8326
0857
0689
1712
1370
2640
3302
4629
3752
6374
6395
3150
0241
0732
7805
3473
4414
2115
8272
3209
1870
9202
9824
0604
5249
9501
3442
1117
0830
8455
9842
2018
0222
8286
9088
8655
1678
4864
2415
8687
6142
3516
6475
5502
8395
8518
5033
6748
8894
7567
7890
8604
1893
9793
6845
1308
3580
4022
8938
2446
6682
3788
5827
9727
7742
4317
7854
6567
7510
8823
6586
1297
5333
1009
9699
5645
3858
9240
7530
2349
3637
9391
0377
8900
5712
3049
3113
1835
8411
0794
0781
0314
2990
2565
2533
0905
6119
2024
7010
9749
3820
3103
5840
2235
5506
9091
6765
8559
0279
5449
6499
5571
7961
0841
3272
8147
9806
3504
1606
6156
9528
2942
8050
0025
0802
6830
4785
6375
4935
6955
1670
8978
6421
5238
0634
1813
9669
3801
6685
7381
7564
5323
8851
2495
8436
5555
1586
4705
9351
9185
7160
6593
7842
8880
3314
6948
3575
3476
1834
6751
0144
0778
6862
3809
9684
1304
5886
3579
3830
9270
4029
7955
2722
3303
3003
0723
9847
1395
5715
6069
3895
8423
2849
7350
3251
7850
9287
9125
7686
1029
6424
0685
7377
0770
5912
5007
2294
0589
4105
9782
9237
3086
0621
3276
8775
0520
4913
3069
7565
1550
3200
9890
9633
0472
6598
5546
0122
5442
9253
6169
1269
6962
7703
0059
1642
8768
0816
1044
0529
9315
9676
4429
7316
5469
9364
0580
9506
8618
0700
9786
1704
7427
5830
4594
6668
7892
0797
6876
8512
0022
4967
0169
1907
0138
2138
9803
8635
9430
6123
5111
3542
4810
2143
2418
0173
0647
6229
4769
0729
4298
3393
9061
9341
5489
4440
5206
3629
9337
2972
4015
8235
5025
3908
8300
2956
3390
1496
3587
0940
3120
2943
4415
4879
3461
3292
8524
1864
8299
0132
4168
2008
4623
6672
0819
0561
3257
3166
0399
3416
1708
7139
3931
4138
5619
7311
0327
6045
3082
5846
4200
9216
0410
0124
5168
9545
3645
3374
7596
3019
8099
2991
1529
9616
0680
2604
1865
7133
6810
5957
5483
1143
3938
8345
0840
3721
9107
4835
7336
4876
6896
1668
1799
2219
6784
0069
4978
9673
6439
7110
8831
0807
9192
4082
1861
1902
4059
7086
2484
1468
0747
8207
9977
4756
2656
6058
0092
7144
1240
5036
3594
9983
8660
9009
8730
0892
5536
6903
6490
8393
6038
4151
9542
2486
3599
6281
5746
7694
3073
2838
8724
5147
9086
0170
8921
9752
2682
3211
8044
4658
1918
3789
6495
1042
8827
1868
4635
1857
8008
4905
6008
0644
0024
9969
9352
2476
2473
2690
9785
2885
0205
7758
2093
1812
3611
9493
5630
2723
8474
2329
1582
6680
8682
0427
0960
3285
5997
1560
8297
0177
5894
9460
8757
6274
5284
7422
0113
6242
2075
3977
1499
1136
7749
7405
6736
7612
6096
7261
2339
3615
4723
6455
0524
6193
7729
6347
0534
1665
6035
8482
7695
1965
3757
8811
6929
7937
6626
0683
3640
9447
2080
8347
6377
4090
7393
4132
8656
5026
1257
3245
9814
5065
5850
6506
8406
1196
4180
2711
7498
5401
4956
1845
7136
4662
2398
6631
0259
1400
4170
1923
7650
2724
6146
1943
9081
2532
9290
4550
3962
1641
0053
1478
7775
2926
1798
8576
5900
7326
2568
1629
9399
1927
0869
7855
9093
9626
8906
0079
3834
3723
9393
5842
6252
0340
0231
3408
4713
0246
2105
1972
8598
0913
4282
8844
3179
8913
2674
2186
1225
0464
6400
0513
1758
6813
8283
8189
5351
0160
8467
2907
7092
4377
5191
3837
1210
3972
7870
1983
9239
9976
9036
1583
1293
8289
2234
4690
7021
0987
7635
5508
0349
1051
4352
7946
9559
9269
6954
7885
3178
9557
0848
6291
0602
1295
5426
5108
9033
8555
5459
5877
0304
6908
9132
6932
8989
8030
9294
8522
2809
1947
4807
9455
1624
2450
0949
2677
5843
6970
3552
3975
7483
0877
3714
4897
7262
4783
8165
2221
4076
5248
6266
7209
3206
7416
7980
6478
5106
2160
1876
4268
7960
8109
1214
3039
8042
2100
4772
9767
0839
6530
6548
9117
1096
2111
9614
1753
7466
3260
0509
6731
3857
9229
8985
2732
6219
1962
7237
1067
7576
9596
6254
1206
8360
4210
5257
0107
9775
9013
2209
3920
3139
5159
7871
2015
3626
4369
9707
4499
7997
9260
2699
7081
2020
8375
0380
1208
5492
5368
1290
9747
4746
1265
8965
2818
0296
2559
3020
9682
9153
9169
4160
9600
8607
6664
0178
8684
7835
9152
4157
0482
7808
4833
0976
1217
5629
6028
9333
9026
4344
5810
9944
7372
3665
5972
4903
2282
0754
2843
9362
7476
7853
6498
9162
6829
2314
1700
7048
8974
7297
3755
6286
0345
3485
6431
6030
7556
8253
1995
2002
2788
6300
3779
1820
3959
7705
0749
1367
3968
2268
8805
4626
6324
5870
5742
0947
0013
4310
9943
6244
8461
1842
2827
8716
9575
7456
7633
2098
4313
9387
2222
5338
5698
4285
5303
2158
4878
7408
7644
4521
3163
5428
3046
6783
3050
0527
9933
5326
2540
2490
9070
4393
7975
3644
7223
4511
9159
8410
6727
5767
4426
2666
3412
1711
0404
3797
8942
1984
1932
5369
8307
7914
6363
6981
4692
6891
5447
6132
3810
1989
8629
9546
3133
8022
2983
8582
2944
2520
5117
7248
0813
8719
8720
6572
0130
5461
3551
7547
8047
5154
7425
4215
9195
8172
2185
2037
1527
7302
2338
9687
9843
0775
0715
8084
5643
6747
1176
2074
7420
4038
6625
4127
9903
5328
2859
2150
1706
6592
9948
9376
7844
7083
8367
3283
3661
0317
4281
1030
5473
7064
5466
4300
2003
9769
2550
1387
8902
1475
1064
2978
0948
2515
4896
3872
8039
1325
8795
0999
2970
8244
7601
3193
0508
3482
9330
0776
1779
3487
6750
2704
6575
3364
6667
0969
9301
4710
1260
2708
3761
4904
3344
8043
8053
7904
2442
8888
1506
0541
5216
9382
3546
9005
5380
4099
2260
7629
2153
5415
2868
0095
7784
1372
9636
8725
5563
6648
2315
3409
6470
5653
0648
5544
1630
2335
4975
7447
8040
1351
5396
0706
8388
2971
9422
4740
4784
6658
0507
5271
1647
6120
9234
6198
4639
2271
9761
8301
1906
4698
2933
3067
1571
6201
8476
2534
2264
6628
7045
7641
8091
9578
1756
7810
4046
9458
4504
6857
1869
2167
8883
3718
9001
5754
7544
8380
6508
7468
8237
9985
3447
1618
6024
0339
3550
4578
9492
9137
9174
5825
3880
8349
2448
6978
3230
6858
1385
9296
0256
5970
9489
6615
2642
4712
7559
1248
5917
0988
5631
6221
9232
5895
1492
3901
8901
0671
4216
8790
6733
4269
8124
7482
6560
2404
9233
1349
4591
8741
9256
0900
3518
3937
8185
8846
2668
1933
3480
1332
5805
3109
4782
5387
3129
0052
7300
2444
6323
2891
5525
8944
8756
3099
4129
7314
1974
2006
4840
3072
4002
0402
1440
6269
3821
6144
2223
6200
9530
9739
3775
8892
7750
0375
5004
8440
6910
8458
6686
1509
4081
4012
8162
6492
8731
4917
1364
6780
8240
3565
8376
6306
8220
1227
4084
4451
5914
4654
6027
7989
8140
0370
3856
4365
3572
7796
1819
1828
4177
3277
9532
7438
5635
9118
6528
9830
1180
9611
2610
6172
0214
4694
8490
9936
4110
7375
4855
6902
6551
7479
0400
5118
1789
3252
4053
9609
9298
8002
9063
2527
9295
9188
1448
4888
1646
8025
2367
5041
9108
7714
9213
5974
8593
8599
2066
6249
1787
6576
7770
1410
8600
5314
9262
8279
8623
6623
5146
1548
5667
8668
5384
4938
3864
1986
1675
5287
1908
1535
3237
9800
2277
6079
2958
6957
4471
8819
7270
4094
4286
8961
5237
0772
2089
4032
3297
6180
8967
6489
1913
8780
3338
7232
1460
4959
2019
1655
0954
4954
4743
2343
7059
2627
4070
2178
1110
1602
2410
0690
9350
8971
2360
4748
7247
2806
4289
7062
3466
0288
9331
2821
9869
9811
0760
8389
0814
8705
5128
6924
4825
9930
3868
4715
8193
3349
8712
2063
9644
8427
5398
8421
4191
4040
5977
2014
2511
4508
3149
2523
5587
4561
8065
0191
8521
3680
9925
4241
5736
4955
9474
2731
2879
7549
3486
7301
8794
1151
5995
3635
1651
2501
8273
1339
4206
9336
0262
8074
5687
9120
4501
1365
3451
8603
2344
2330
7088
6109
3151
8005
3751
3455
9307
2899
3405
3535
8312
3171
3928
4031
9054
9372
1830
4638
1814
5941
4645
2299
2391
2291
9462
6719
2975
0369
9715
5944
1833
7271
7792
4648
1165
6255
0373
2976
8014
2248
1301
8645
8674
0989
0216
0811
8957
5286
6634
3971
0945
2481
0588
5939
1075
4171
3298
1831
7831
9519
4586
6073
4970
4480
4308
1103
8678
4765
0938
5145
8520
9784
4411
0849
9980
2474
4016
2269
4553
2517
6369
3935
0197
3813
9433
8769
1277
0244
4641
2198
6930
0153
4797
9921
6711
9877
7733
0607
8998
1702
3138
1444
8033
4326
2547
4520
0605
6959
5225
6543
9730
8340
9987
5919
0861
4349
0413
3597
6267
6669
5625
9836
2541
0401
3199
2475
6818
3554
1357
5680
7254
1018
3146
6241
8494
9403
5976
6609
5673
9322
9409
1188
6194
0838
4072
8785
7000
9052
1931
3804
0769
3745
8348
8914
3452
2653
8627
0330
4996
1144
7806
0030
9679
7197
4254
4299
5370
8071
0091
8018
2528
5251
1097
5636
1539
9288
1366
7095
0886
6477
9656
2529
7016
0645
7035
0530
4242
0390
2218
6159
2606
6438
5306
8119
5232
1398
0755
2358
6344
1182
1832
2402
0176
0737
0730
3403
2736
0809
3570
2905
7101
0767
4602
9518
4901
0579
9375
4505
5761
4752
9817
8439
5964
1375
6590
8860
8554
7284
3668
0145
0669
1230
8317
1804
9906
1736
0657
2560
1549
5945
6190
0121
2496
2872
7185
0558
1093
5654
7382
8325
8657
6131
9923
0593
8045
9502
6103
3612
5027
1434
3613
5372
8990
6459
0744
7018
2603
1905
1113
9753
4362
6800
7418
2679
3946
0879
3677
4424
1811
4621
4407
0826
1976
1177
3021
7777
2828
2783
1530
9444
4096
7491
0475
6945
1416
0783
4837
9552
3167
1914
9537
5043
6859
3363
4360
2512
7363
4155
2479
8321
3796
4078
2126
3045
9732
8070
3764
0576
4824
0008
4497
5928
0712
6264
9487
1191
8591
5854
5722
5744
0972
9628
9020
6280
0782
3398
0336
5832
0943
6914
3674
9100
8489
0601
1127
8216
4532
5195
5833
0583
2052
2433
4729
5018
1287
5484
0565
3296
1576
4951
6693
0044
5745
1153
4010
8054
4290
0655
4033
8688
9104
3841
7988
2107
8999
5622
5221
6942
1107
9510
5951
1749
3032
4697
3890
3538
0425
4004
3459
4125
5774
3445
3617
4051
9378
3258
7054
8473
9320
5462
1061
6673
6556
8632
2437
5137
3446
6841
4185
2262
0309
0146
1587
0105
9266
2386
5453
1458
6272
6491
3883
3347
5813
1036
5690
8510
7541
6334
8372
7339
0290
0612
5796
2042
1141
6292
2141
2092
4702
1724
2215
7031
2542
0927
6792
1877
4606
8972
5757
4850
3742
7800
3352
5605
7328
8037
8862
5551
4691
0787
6171
2058
3785
9021
2902
9392
0831
1682
7713
5344
8488
0699
6892
5093
8686
3011
1178
3771
0688
2835
0750
9200
5918
5576
3105
7979
7948
9713
3925
3934
9424
8015
5991
4867
1656
8231
9639
6729
5640
7189
8608
9548
5353
4968
5534
1148
2671
0568
7348
1568
2370
9966
8250
3439
7995
0942
5915
3419
4175
1909
6850
4192
4628
0218
1737
6756
3216
4423
2516
9002
4437
9008
8799
1672
8392
7493
0430
0143
1698
3387
3731
5872
4964
7219
2432
3407
0728
9815
6616
5700
6926
6814
2069
9215
2165
6921
3979
6760
1741
0724
4448
8330
7370
1198
8933
8293
4454
5034
9467
2480
8798
3493
2155
4995
2492
7076
6855
8228
7798
5389
5242
9882
6801
0544
4808
1502
8001
0158
9377
9717
0684
8010
2655
5994
0255
8214
7130
2121
6505
2961
0608
0790
6854
7428
0726
8211
3842
4188
3647
4839
2048
1428
4136
0164
5780
6041
1631
3418
5366
2192
2562
5488
2842
8337
8664
1092
7934
5305
2116
6931
8704
7820
5100
1397
4562
2694
6432
6277
2620
2212
0528
4779
1862
7077
5669
9400
7006
5834
4075
3087
2854
8784
2194
2387
4834
2197
1105
8382
3182
5129
3180
4726
5989
4530
6160
5723
0890
7709
2739
5417
6265
4966
0331
1128
5476
9305
4926
8204
6539
0254
6354
1516
3210
3417
4181
6879
3790
7509
2536
1429
9812
5674
7304
4267
9720
3583
3355
4293
5764
4932
0006
3145
1384
4083
7693
9286
4496
9939
9316
9622
5327
3270
4535
0997
6143
6256
4238
5961
3638
0291
0227
8713
8575
4816
9405
9251
4861
9208
2786
3295
1781
6148
1147
7684
5017
3970
7528
1710
4609
1500
8899
3702
5393
4800
6473
0133
8729
1465
2309
5463
9302
8878
6173
8821
1268
9932
1235
8809
8089
4811
4351
2084
1917
8116
3168
8064
7353
4481
1094
4400
3687
8058
1627
1911
9685
3317
7764
2102
1317
4768
2302
4196
7437
2324
0432
2729
4533
4590
9060
0937
3185
3076
9996
2044
8462
0316
6562
2651
6578
8176
0154
1687
6875
9718
3983
7255
1190
2855
8932
5517
2508
4048
6247
2128
1747
7253
7172
4159
5048
2332
4060
7613
8387
7183
0184
2761
3207
9173
6294
8090
8438
7795
4118
3839
5293
5321
7982
9818
3061
8314
6983
9421
0953
1411
5507
6757
5419
7811
5954
9369
3887
1815
5594
9649
5406
0039
8098
4150
0639
6222
0743
0722
9154
9572
4154
8003
9469
9804
7653
9953
9503
3798
3341
5223
8486
0804
5261
3281
4120
0965
0417
7129
9988
9693
0438
0199
6739
1135
9484
6630
0966
5374
8652
8230
0196
5200
6102
5931
8960
3944
9416
5791
0010
1084
6077
9743
0237
5031
5325
6515
6002
2775
8245
7450
2925
7321
4916
3101
1505
3852
5493
6007
4328
4593
3078
7847
7206
3607
9533
7715
4666
3564
5788
0920
9134
2914
3376
5593
2193
9973
4425
0649
7983
8319
8160
3627
1321
7500
5713
0656
7441
1131
3548
5766
4939
1234
9285
8356
4804
8500
7312
3697
9500
8093
3904
4061
0358
3683
0908
1281
3176
2383
1639
2700
3573
7402
5672
4678
9113
4255
1439
7202
9595
3306
2504
6227
3882
4487
9339
0086
3560
6088
8096
0899
5471
1261
1000
5229
5499
0522
1910
9664
9893
4542
1634
4469
1418
6840
7256
1892
6861
4380
2728
1014
8381
7218
5139
1674
6799
3197
2146
8017
4642
2189
7030
1194
3523
0914
1657
9735
8527
9872
7901
1643
9772
7620
0785
6670
8338
6390
7103
6176
3501
1592
8479
1142
1955
1663
1691
6599
5022
8036
4044
9864
8415
9019
7958
4718
5180
3941
8343
0893
4074
2628
1744
8547
4236
7371
2004
0540
8996
4467
1046
7942
5010
3158
4436
6494
2866
1840
0449
4838
3148
0220
4244
3774
1422
8588
3663
7605
4050
4977
2617
9531
2574
8529
9199
2852
9535
0444
1226
8450
9544
2289
0780
8951
9736
3658
4598
3097
6516
3770
3448
9876
0674
2147
1493
0503
4647
7100
5090
1481
8409
8654
2510
8107
8912
8480
7938
2170
8478
0865
2935
2021
1480
4703
0962
1991
7508
1324
8680
8377
8732
8584
7990
2259
5607
2763
9275
8651
1837
8908
9343
1610
1715
7200
1447
7287
7552
3181
2513
6629
4091
8383
9148
3851
3490
2871
1579
9558
3875
0396
1767
7841
5966
6889
7497
0873
9750
2308
8956
6315
8327
1719
2951
5512
0298
6817
2168
0306
4679
8344
4456
0073
6199
6319
2936
1930
9686
3822
7224
3862
1848
6485
0883
5920
8046
6743
6124
6339
7894
5869
0675
1717
0630
8477
0897
6150
0250
0762
6135
8335
3824
3404
2342
6205
2772
8532
4302
7459
1714
1007
8111
5122
9359
5538
8634
5477
8560
5397
2190
3400
4650
5750
2139
5904
3886
7723
3773
9623
0271
6151
0451
3114
2876
1232
1162
3238
4942
0677
9620
8370
3365
1158
1950
9601
8916
6742
7863
4655
6428
4233
6364
5301
2779
1867
8816
6049
3143
3310
6507
0333
2792
5278
3128
3184
6355
0569
8212
2571
9483
5042
8469
5570
1552
3496
2272
8701
4092
7907
2340
6060
3286
8871
5183
7013
7320
7661
4805
8620
0000
5940
7573
5320
3300
5579
4906
0297
3242
6819
0341
5331
3528
5996
6434
1412
4100
4610
5015
0295
0261
9883
2273
8815
6047
1729
4611
2937
2435
9413
7288
5209
4067
9034
2033
9149
0803
8919
3803
2609
9960
0615
0764
4027
2403
0973
2266
3319
4575
3366
6085
5294
9193
0180
0352
5968
2472
7113
0395
0686
8094
1077
2323
6285
7369
3454
5566
8346
9951
9038
9570
7384
1853
2347
8928
3833
8561
6029
5324
1404
5958
9095
5504
9716
6321
5610
5092
8290
8209
3558
2675
4665
4073
3102
6145
7351
9701
1839
2657
0346
0902
1379
3236
9037
0784
1872
2326
1353
0070
5902
5160
0928
7673
4071
7340
7886
0636
1126
4928
3926
4986
0748
1620
4146
5347
6444
2552
2297
3489
4701
5514
7739
0382
5543
7824
9328
3458
9549
1816
5310
7499
7027
1925
4189
2213
3996
0424
1941
3916
7741
3524
1693
7413
4925
1464
5814
2929
7152
7759
9859
4152
8041
7140
5114
7374
3643
0232
6966
5500
9748
3154
4853
5371
8872
0366
8268
0843
7154
2691
5098
8130
1381
7118
9227
9172
0418
4614
5230
5214
4738
5510
8977
0548
9003
3142
1013
0175
9379
0582
0277
0625
8812
4453
6803
6610
5080
0964
4201
0665
8609
3685
0009
3952
7501
1494
3906
7504
4017
2022
2497
3918
7042
5580
6752
9140
7696
6071
2195
1980
3013
8305
1279
3838
1689
7954
2287
6104
4193
0119
1563
3017
9297
8689
2071
0312
7663
5451
5404
7889
9180
4663
7917
7867
6411
9201
2077
1284
9007
1884
2660
8404
3762
3802
9323
7539
9512
4137
3191
5083
4401
0322
7538
1957
3713
8132
0944
3062
8691
5394
3562
7096
0681
3843
2390
1796
4404
3311
5487
2120
2846
3222
7834
4563
8881
0570
2227
1544
6913
9357
9910
8820
6809
2382
5553
8483
3369
5373
6139
2673
3453
6971
3581
6549
4887
7294
1607
6015
1764
9826
7278
9807
4742
6940
0791
4802
5021
2613
9355
3411
4247
6591
5194
7783
5710
9927
3012
7765
8733
5378
4283
7690
1688
4304
8092
1426
3380
8800
6402
5793
