0592
8690
9514
3489
7323
1121
0408
8726
0953
5559
5886
5569
2448
8115
5286
0651
9464
0164
5411
8145
9657
9516
7641
6519
0717
8147
6219
1566
0523
0416
3797
5002
4174
8533
0315
9223
1573
7107
1199
9616
6342
1825
9634
3865
1532
4976
1408
9746
7020
3757
3023
0119
9992
2392
4153
4121
6214
1351
0011
1042
4813
5756
3491
1062
2305
3423
3115
6441
5066
1682
3861
4848
3928
5239
1970
3794
8973
0292
9598
5193
1842
1078
3844
0207
9582
2411
4778
7403
6738
3623
3067
1994
2676
5892
7727
0970
5766
7312
9351
3262
5369
3006
9197
8254
2249
0506
8163
1023
5534
9954
5389
1319
4999
4298
5111
9394
3534
1855
2039
8824
0856
4672
2924
5058
0681
8257
1673
8523
9687
0989
6440
5626
3193
1653
6909
8974
4980
6206
9779
4500
3496
4182
4525
1801
6407
6006
4542
7211
7676
7634
0388
2462
1520
6135
6568
2263
8002
6955
5465
6847
9578
2811
4071
0931
8418
5471
3173
3537
4450
6597
4679
0231
7614
4995
9220
0609
2137
6540
5966
9901
7960
9183
1587
5864
7085
5985
8212
8001
8699
2440
7795
5367
8439
3849
8886
9473
2878
8296
4699
1841
6771
7188
6046
1715
8878
0812
5030
1626
3310
8141
9442
6995
5277
0944
8447
9392
9635
0505
6896
5697
6392
4245
1019
7588
3156
5253
1541
3274
9956
9583
4657
3005
6107
1491
7037
5685
7557
1254
2174
3701
2058
1129
8085
9471
3189
9129
2367
2637
7710
6907
0267
1239
2147
7422
8875
4201
6873
4199
8888
9169
6870
9679
1887
1657
4908
9882
5901
4582
9258
1005
1872
6304
4337
0697
8024
2974
1590
3024
5539
7265
6339
3373
6037
1187
8052
7513
8165
9365
8326
3557
9019
4412
5043
3978
4535
2618
4018
9806
1870
4616
5909
3185
5754
8906
8784
4406
2516
4891
6494
1876
2319
6174
1897
3040
2164
8982
5912
0939
4254
1267
1326
9414
7938
5553
2572
2775
6087
1757
0853
5970
5593
7863
7849
9590
9656
3037
0367
7961
0000
2932
4329
1745
2435
1216
6109
8644
6236
1538
4101
9766
6646
2910
7918
2992
5333
9838
5525
0174
1061
4692
3312
6463
8910
2034
8620
8745
6720
9983
5252
6695
7677
2895
9279
4622
1448
9194
9551
6435
9166
7693
9385
1428
5815
8335
3822
8268
5579
7147
5516
5990
6021
1576
3458
4414
9108
4515
6865
0286
3008
5175
7674
0480
1907
1728
6103
4453
3876
3867
1972
8242
7623
9367
9612
3352
9191
8207
8787
8551
1052
6218
5444
5978
2031
1639
4036
8652
5581
6065
0162
4105
5081
3243
9783
9724
0031
0829
5035
6641
9525
1425
9215
0886
7872
7043
5701
3558
6761
0822
7008
6541
9481
5351
7745
8133
6256
0201
9001
3899
4119
2414
8844
4847
5127
9744
2822
2374
3435
2353
1554
1117
8619
1780
3288
8211
0940
3268
3584
8885
7456
2731
3831
5706
2894
0766
3696
9926
1578
9187
2360
4265
0140
1863
9253
3960
1472
7154
6472
6388
2619
9207
3154
2942
7192
1902
6595
5293
2681
3879
6725
8693
9777
4590
6434
1743
8456
1814
9877
9611
8100
8156
0490
7087
4296
9231
4341
7808
8683
8391
0665
1399
9018
7283
3792
2577
8175
2730
5649
8138
7529
3532
3854
4489
1591
3750
3250
1027
9819
3179
3110
1197
6717
2281
0979
9828
4833
1168
9366
9543
8411
2409
0702
5119
5263
8626
5556
9325
3280
6740
9739
8777
3517
1186
0800
1534
5771
5606
3653
7387
0789
2670
5950
8247
4061
1263
7842
7815
4391
6298
1752
5241
0223
9584
4809
1586
4975
8802
9767
5034
4069
4440
1944
2993
2590
9343
7957
6547
1113
5227
7798
7729
7474
9627
0796
6275
7869
3901
8788
6548
7256
0709
3893
8231
2235
2237
3076
0712
3773
3915
4219
1217
2829
0907
6007
8578
9255
5883
5202
0798
6328
6885
5255
3470
0962
0558
9778
7110
0010
4897
3939
2466
4629
5712
5016
6100
0092
3032
0849
2571
9479
0052
4684
2825
0563
2264
8371
5342
7520
4686
6350
2431
6084
9957
6221
0152
2497
4695
8597
7246
9652
4850
7248
4085
9381
1155
4820
0586
1401
8237
7839
4424
7857
9979
1984
6525
4932
8189
7133
8101
7619
2520
1655
0048
8653
3964
8709
1242
6898
6553
5837
3645
4398
9620
2307
6082
2328
8426
7221
9897
6576
3678
1546
7912
9971
7711
5069
7247
1776
7968
1146
4031
0648
5740
0667
4538
7922
9323
1723
6108
2544
4894
7673
0613
1280
0307
7471
1101
1820
7687
3199
6875
4971
6894
3732
5965
1313
4371
6360
9010
1031
4093
7668
9969
5065
9201
8516
3269
1761
5991
2716
9105
0242
8310
8462
3422
9722
3644
9430
3066
8623
4466
1849
0739
6445
1021
3851
5596
3611
4720
4862
6075
6309
7846
6918
1931
5725
3950
9768
7840
4849
2553
9630
4516
6224
5693
7732
1489
8993
2461
9022
4611
6346
0799
2985
2116
3711
8914
7040
8643
6117
1055
6569
5566
1038
0578
0125
2692
2079
0148
8728
4413
7930
4835
7407
5619
7234
7028
2295
5827
1324
9313
0897
8274
4963
9522
2852
2560
4539
2085
7305
3770
1106
5831
7435
1652
3539
7731
2858
6159
8479
7213
1690
5317
9650
2567
4886
0880
5545
5426
6376
7056
6092
5133
8164
2453
9631
5005
3954
9716
4874
7217
4808
7986
1455
6712
8131
7699
2866
0967
2364
3430
4901
0938
1574
2518
9628
0926
1886
4619
6633
7944
9180
1281
6057
0273
8785
0349
0191
9156
2139
1988
2633
1320
9390
7498
0934
7285
8329
9594
8227
2612
0914
0730
3746
9362
8851
2311
2837
1469
2267
4543
9412
3743
8014
6546
1293
6255
7010
4127
2787
6344
5540
8628
3432
2180
6682
6859
6883
6884
3668
0671
5401
4586
5461
5155
5085
5165
8770
7506
6789
0912
6164
4603
5360
3615
3303
7251
8357
1099
2335
8184
4396
2983
1930
7664
4104
5881
5415
6387
6850
2694
6801
0178
7047
2934
0471
7989
1063
6552
5698
7518
3726
6956
5102
8224
8042
7135
9458
0329
8384
0980
1758
5211
6656
7608
9965
1419
0454
1069
6341
8006
0393
5076
4532
9888
0423
9306
8196
7629
9370
6397
7299
3051
6003
6923
8416
4888
1979
3722
0157
5647
2314
3446
1822
5662
5994
8987
8848
7334
1824
1829
9475
5149
1024
2350
7086
5894
4443
8822
3995
5484
3455
3617
6832
8150
6796
8564
7194
3827
8152
2090
9682
9688
3142
5713
5183
4420
0874
6299
0567
8950
5995
9708
3447
0348
5947
8719
0735
3730
2048
1549
6784
1194
1492
4139
7648
7985
5523
3464
0108
0298
1302
4165
5937
6271
1816
8893
3916
3050
0415
3486
5092
4909
1947
1539
6628
3787
2224
4253
7195
5531
6617
8178
2195
7999
2040
5231
6580
8464
8794
8577
9915
9860
7424
1794
6446
2892
3572
7290
7236
5955
8710
6044
7580
6913
4732
1766
4484
9454
0103
3232
1558
9754
4005
9221
7270
5217
8186
6878
0719
5757
8716
2420
8037
7690
6665
7083
4452
8340
1785
2733
3265
3210
7904
4171
4047
8595
6557
9865
6043
5359
7959
9243
7439
2671
6938
1548
9661
7920
4509
6893
2850
0195
6466
8417
9252
8984
6058
3912
1577
6433
1832
5807
3384
9491
9256
8239
2192
9500
7579
3002
4474
6045
0885
5475
3184
2244
5899
3725
5163
6196
9126
5022
9663
6461
5933
8079
1637
6535
1420
8275
4967
0772
6853
8458
0463
1058
6151
2073
8169
4432
0601
2225
8399
0378
9545
0479
7092
9302
3860
4880
8877
8746
2683
9999
4002
5434
9501
5652
9160
0525
6312
2010
7174
1285
6951
8999
3738
5764
4421
9350
2389
6640
1568
6303
7739
9204
1789
8673
6965
2736
0918
5200
6129
8051
2098
8171
7484
2745
2215
0026
4202
3828
8206
5387
3582
4505
2729
2056
5913
0644
1439
2014
7856
6091
5153
8542
3820
5617
7383
3979
7695
7503
7149
2957
0806
5032
6754
8715
3042
0390
4646
6886
2762
6253
1729
8637
4795
9364
2642
5146
9278
6192
3277
2918
5290
8859
8244
8874
5433
8454
1277
0394
6536
5236
4293
7075
6599
5107
7125
3030
5718
6767
4887
3337
3474
5878
0687
4260
9336
6844
9537
2416
0474
6566
9845
2714
3839
2398
6946
1347
7162
8747
0771
2555
7026
1976
8816
0200
3798
0504
5836
4545
1799
3440
7993
1163
7919
6794
4019
6237
3664
2986
6623
1075
9728
4217
3834
1818
8899
0107
9958
1494
9953
0402
4058
8041
9906
4631
8497
9920
6966
4876
0224
0776
5126
3894
6064
5402
2223
5680
2691
3125
3224
8324
9000
9328
5817
2101
7446
8093
6375
2701
8697
2559
1093
8315
4362
3379
9641
1922
5762
9461
2312
5515
4220
0629
1427
7430
6564
0121
6899
5775
0476
0950
8258
5851
7410
5719
7235
3200
5306
2200
6239
3306
3158
8638
3554
6612
8581
3466
7778
8422
0889
0332
8780
5880
9321
1614
0548
4430
2677
9465
5819
1770
0987
7190
6610
9986
5053
0883
8484
5385
9993
2496
3823
9229
3270
3988
7171
0056
1710
9932
1899
4240
4922
5541
7210
8772
4768
3276
1830
2968
0881
8354
0351
2157
1689
0306
3624
5865
5943
2713
8297
9883
6736
6537
7250
7558
7418
1046
0180
1098
4361
1497
1135
9840
2044
0289
6382
1493
2638
7734
5062
2495
0357
9283
4697
5097
3508
9133
1812
2552
7945
0840
0801
7563
6764
8707
9375
2331
1175
7583
1949
7395
6140
6364
1927
3492
0958
4563
0253
4694
1103
1203
8549
2199
4751
9287
8922
6872
2238
1542
3630
5375
4212
9174
4762
2274
4086
1588
0186
8241
2415
4129
0614
6268
2744
8758
3397
7748
0901
8554
6191
1265
0097
7542
1793
3417
5974
4401
8379
8470
4112
2070
9337
2206
6523
4844
5015
8955
6880
3409
7042
9353
9919
8757
8717
7759
5249
9540
8592
8459
3600
3086
1811
2102
7643
8120
4668
1512
4988
9248
4608
8214
7757
5657
4334
3996
6840
7123
1227
4422
8932
8158
3388
9567
3431
9621
1750
3256
9702
2988
3064
4205
9453
3324
4529
4030
5535
2626
2843
7281
9358
6645
5352
9622
4387
5177
0147
8514
9580
6815
8191
7538
6744
5845
2169
8461
0763
6866
9696
3808
7011
7599
0209
8166
0846
4553
1097
2884
0861
7100
9203
2239
4671
4530
4767
1138
5874
8617
4704
9772
2472
1378
7072
2532
9498
5045
1641
3506
6638
4133
7481
4090
7014
9329
8530
0280
9219
7531
7963
8038
1640
1174
7901
1327
5188
2841
9311
2168
5716
8662
4726
1423
9599
9468
1595
2162
8246
2329
7375
5749
8584
7136
8869
0699
4561
6395
6658
8890
1049
6901
5770
7257
2887
7730
7883
7101
7198
5895
0890
6625
1992
3375
9868
6457
3088
4931
7482
3017
7226
7534
5711
1535
6277
5613
7128
8071
4578
7702
7300
2592
6749
1184
3099
8403
2598
7036
9023
3178
8179
7717
3286
6538
9345
6745
8871
4230
1111
1616
5356
5835
0752
3694
6964
5887
4304
7818
0015
4377
1594
6138
9771
1256
5979
6404
9939
8410
2907
2272
9448
7694
4303
4633
9406
5746
6248
0805
7472
8062
4528
7111
3412
2819
4698
2036
8904
1107
4875
5480
2952
0978
7320
7428
9163
2486
5482
3475
2507
9038
5010
5890
4765
8793
1130
3691
6637
0449
1940
4299
3218
2064
5281
8311
4231
3756
9568
0054
6063
5903
9924
7569
1436
5339
3325
1666
6835
1733
2315
2454
5977
4554
8390
5888
0047
5557
7391
8593
2076
2379
8298
6903
3594
3949
4191
5905
4872
5088
1446
7366
3039
4738
9315
8058
9691
3055
1650
4736
2948
6153
9176
7447
1570
5529
0658
3706
7025
7444
9944
5820
3614
0008
0560
1362
2675
4037
6910
2975
1384
2154
9340
0781
6337
6011
3578
8725
0144
5605
3120
2227
4587
0495
7330
6514
1057
0317
7122
6451
6642
7385
3132
9404
0446
8344
1139
4853
4680
2134
6073
4913
5422
3346
6652
5503
6613
8025
2242
6949
0594
8250
3336
9946
1028
1375
4276
5934
5668
5330
2218
7753
2980
5406
9647
8612
0179
3448
6093
7275
2542
2644
9441
0421
3695
9300
9046
3390
8116
7362
3434
7686
9492
7046
3272
9608
6233
0465
7485
2107
1030
4006
9272
1928
7115
6521
4717
6070
4707
4302
8112
1891
9424
6480
5303
8095
2051
3168
0952
7160
1349
4122
1892
4441
1585
0389
5822
1371
8215
7970
3398
2503
8598
4927
4214
6575
5522
9876
7564
4968
2266
8677
1178
9896
5307
3501
3513
3428
2574
0825
0453
7284
7801
4195
6291
4235
3437
8289
5568
2684
3279
4312
7622
5318
9812
3082
6504
8870
5011
5826
4925
0090
9199
0891
0583
9195
5494
4989
8789
5473
2621
2230
7255
0929
8110
8330
2213
2426
2449
3994
4491
8921
2581
3649
9436
6345
1911
8143
2488
9642
7245
7244
5225
0285
6565
9935
9509
7528
3880
1443
4508
2291
9756
2999
4650
9879
1961
6806
1810
0163
1450
5760
1903
8197
3476
0336
9517
5805
2990
7182
6693
0468
0534
2144
7617
5260
7021
1644
4004
4621
5100
3704
3571
8474
2326
2666
7324
7740
6818
0078
4905
3570
8610
3637
3574
2536
8483
2253
4183
8867
9535
9742
4190
1873
8576
2754
7142
7358
0821
0646
8238
8762
6838
9077
7796
2738
9803
4268
1718
5688
9275
5793
9623
0346
4225
9460
2804
9112
0824
0895
0736
0694
0522
3616
5830
6953
1051
4282
2388
8230
1214
1893
2231
4247
5509
4581
9893
2017
2879
7545
6104
9080
9886
3004
2807
4014
1336
9124
7951
4993
5769
2492
7109
3807
0143
9011
0564
9752
1358
0216
5028
3741
8094
0701
7441
7105
3769
1501
3304
7108
3136
9591
2028
6208
2855
4655
9615
4374
1410
1844
9074
8513
7054
8146
4721
8647
8756
7469
5162
5315
6800
5643
3819
3157
2320
7847
3295
4688
6834
4845
3740
6867
4252
3832
9513
2346
8404
5349
7859
7411
9425
3990
3377
4568
4172
7183
9703
1713
8343
5767
8067
4363
6891
7861
9497
2122
5736
2112
8964
7493
6624
9396
6887
5179
1369
7923
5394
7933
6302
0755
4810
8063
6799
1458
2236
3606
5703
6338
3182
8378
6222
5506
1245
2523
9534
4351
6845
0924
0472
4761
4947
0303
5057
9171
0703
5393
9021
2438
5432
6691
5751
4486
1404
4011
6464
7771
1826
4882
6630
7552
4241
6066
0524
2288
5216
2517
4951
2115
5049
2958
2027
5575
3999
4840
6935
1778
7708
1982
3387
6296
5031
6111
1515
7404
4823
5492
7865
2912
3840
1082
6733
1709
7958
9575
1747
7987
6662
6861
0475
8656
9184
9440
1503
3593
0358
6198
6939
5172
8872
3187
6426
6094
0581
8005
1707
6316
3299
1348
3621
8381
8234
5803
4647
4984
3108
8270
8259
9694
5564
3421
4636
6053
4043
3235
6571
7079
0488
2369
9012
8835
5783
9753
3504
3906
2142
7148
1255
1292
6122
3016
2539
2464
6741
8590
3109
2493
5160
8281
2933
1209
3133
9063
2296
0947
1615
8582
7058
9903
0854
0738
2290
7229
1511
3311
9981
1509
9384
3963
2372
9439
7114
6490
6482
1343
9417
9645
7551
2830
3956
4108
7317
3393
3800
5462
6217
5953
2776
8905
8992
6889
1624
8089
3389
9356
7502
2732
2433
3230
8760
7571
2803
3281
3543
7156
7356
1307
6281
9565
5547
0313
5329
7572
9444
1211
7663
5702
1383
5928
5408
1980
0290
4211
5721
1993
2183
5548
2250
0779
4857
4869
8629
5337
1070
3519
5267
9989
2937
4184
3117
1746
1441
9421
3781
8532
6320
0262
6259
1483
5935
0935
7002
5123
7726
0238
4459
5248
1853
1424
8099
1861
0420
7850
7851
4957
4196
6702
3473
0331
8763
8339
9346
8602
6244
1148
5336
3898
2634
9093
7838
3812
1360
6056
4926
8836
4366
4080
7331
0460
2791
8528
5161
8696
3095
1486
0900
0618
3810
3573
7741
5093
3636
0334
8252
8830
7978
7610
9720
9005
3598
4575
8733
2920
5595
8947
9383
3251
7180
1196
0620
4032
2500
0543
9320
9141
4348
1463
9577
9624
5238
9998
7595
3962
8288
3707
3457
6029
5871
5743
0600
8039
4596
7361
1454
2649
6158
1244
2099
0517
9557
2885
4192
1840
5080
4088
1880
4145
1191
7488
2004
2930
2395
4730
5221
5768
6399
6099
7637
7651
5224
8202
7966
3329
8917
0619
5853
0322
0170
5458
7268
1609
0181
5747
3246
9904
0666
5961
6751
4336
2674
0401
2521
5684
2798
1716
4478
0340
2893
6432
9225
9794
0484
0668
6531
7295
2541
3339
1767
2322
4215
4615
2053
7991
1048
5518
1756
9959
3952
2522
3650
2982
5828
0142
2575
7311
3971
9740
9378
3905
8833
4263
9873
1651
8282
4757
5920
0171
4038
8402
1306
3566
7483
3779
0775
2345
8766
2362
9408
4218
8451
7329
1995
4664
7880
8446
1631
0432
1926
0127
1937
7593
8161
4758
7908
3680
2016
9411
4598
0596
9507
7953
8894
1456
3883
1157
1183
4277
4060
2245
0316
2617
1866
5666
6377
0587
6306
9991
9116
3118
4309
7380
2876
4075
3020
1330
7826
0708
9949
4805
0023
0689
8724
9039
4274
1925
5745
9371
6369
2972
5543
6677
3595
1835
5855
2655
4385
2407
7078
0790
1154
3347
8826
7887
0794
3309
4331
9852
0647
1449
9605
9341
0625
9887
9379
0584
8701
8132
0220
7780
3871
7273
5441
5731
1010
6157
1619
2030
4177
5735
0237
5316
6020
2371
5196
4674
6696
5788
6734
8613
0440
0287
6842
3141
3484
5258
5313
0991
6590
6459
7929
3887
6460
6211
1524
8198
8473
7565
7045
4258
1939
7679
5061
5908
4648
3105
3271
4427
4921
3382
5923
8465
6755
8012
8720
4301
8444
0780
8139
2722
5586
4186
0565
5661
7822
1991
5860
5646
3019
6724
5841
5308
5862
1685
7062
2874
3255
7163
3203
4259
4118
7877
0073
8190
6254
1506
9810
0662
3815
2636
0221
9681
9626
2955
2451
3629
3129
7431
2783
5379
4637
0783
3875
8504
3053
7548
2293
4584
3552
8177
6561
1831
9818
2170
2643
0272
9823
3782
4483
9433
0966
5555
7344
7761
1284
1416
4181
7378
8672
3001
4236
5857
2062
3420
1120
0370
7167
3135
4490
7432
9947
3159
9980
4781
4623
7607
2434
3237
4094
7566
8361
0295
9175
1895
6305
2973
8057
7928
2097
4267
0598
1575
3858
5096
3212
1219
3938
0975
0920
6811
2024
7659
1385
1601
5578
2961
6436
8373
2750
4614
3411
6241
1350
4434
6722
7995
8654
4046
6209
0888
4136
0153
9290
5105
0222
2480
9211
9284
7598
4936
7496
8267
6427
8704
4510
0927
6814
1850
2299
6126
4324
9581
9125
8064
8761
4021
7962
1388
9386
1426
7023
7161
9561
7327
2707
0507
0387
8675
0811
1268
1736
4048
3227
5683
7935
6802
2594
2939
5340
6361
4826
4358
2747
9709
2506
8154
1941
4423
6169
3936
4261
8078
6606
0932
5003
6101
9484
2900
7803
7223
7590
3407
6776
1874
6177
8995
5298
3903
2551
7452
5946
4977
4804
0347
3837
8301
2203
7266
0773
1687
2399
4742
6025
3338
0082
6240
5232
9770
9639
1636
0252
4691
9880
0226
2665
5513
1552
9462
3986
1834
6413
6331
7899
6668
2904
8103
2423
0835
3083
1647
4564
5941
3505
3266
7291
5849
8264
1296
5499
2682
7478
7350
5150
4588
9073
8560
7530
5639
5536
0552
6993
0555
2755
1665
9102
9083
3231
6532
1123
9044
1612
9060
5237
6927
8413
7094
8096
2032
5808
3376
1628
5128
5467
0354
2365
0413
6412
9434
9036
6097
4291
7286
6015
3709
8606
9143
4589
3090
8336
1312
3500
3234
5806
0338
6930
0916
9455
2211
6335
8279
1951
1036
2979
0345
0473
0270
5834
7082
2616
1905
0680
2827
6660
1516
3886
8028
4056
6577
0493
8427
5789
6732
2403
2481
2427
8990
0574
3507
6694
6132
3057
9678
9373
1311
5376
3144
8218
3790
0470
4867
4173
5938
8365
3073
5594
2103
4851
0137
9161
1438
8235
2475
4458
7672
4556
4645
6060
0636
7752
9967
4131
0726
1625
5620
5294
8732
3925
5490
4073
6614
1169
7455
9098
4716
9751
2349
9327
3355
5659
0591
6197
9451
5312
9037
5675
6543
8996
9369
8815
9144
5044
1354
6843
3059
7791
2445
6171
7635
2832
9008
0622
0035
3587
0240
4817
1387
0225
6747
2864
3669
3139
8463
7871
1797
1459
8660
6917
7964
8431
7339
8800
3551
3471
3213
0657
8503
8729
2699
7689
7873
0260
3983
7724
2368
9836
6588
9452
4710
4089
0126
4390
2254
0951
3399
4010
2361
0740
2400
0444
0917
1479
3947
8857
1490
5570
3107
2867
6765
2997
1533
3317
8855
8946
9504
7120
4015
3478
1073
2705
6856
1877
6184
6714
7006
6723
8016
4961
1711
1920
1589
1660
6881
0168
3460
9613
2950
1942
6227
4669
8543
0039
6282
6739
8449
2690
7228
7997
3909
9569
1646
9173
9889
2285
3045
5993
2316
4315
7946
8585
7915
1299
1081
0305
5921
6833
9830
0710
8634
8651
0908
7241
6586
1328
3275
4938
2465
3731
8205
9251
6343
1287
0923
7541
3018
2333
4935
6050
4895
4981
6190
8076
3783
8157
5866
3742
2989
2528
9748
8648
8466
1821
2641
8998
1900
6155
9862
7661
9167
3752
2611
0266
7364
0762
6605
4166
2751
1973
6215
9307
7186
9271
1136
5222
9260
5059
9363
6716
0430
7437
0411
6498
5914
7288
0605
6292
7267
3444
4279
8348
3502
1034
3857
4865
9672
3601
