1124
3591
5472
9058
7819
4624
8619
9594
4681
3040
7926
1070
6987
3746
2179
9072
9184
3893
9205
0829
6115
3478
1628
2409
0696
4534
6517
6130
8281
5688
2081
3766
2822
1540
8601
3673
6033
7458
3682
1707
8471
5481
1275
2055
5357
7999
1514
2883
3569
1251
8224
6116
7829
3463
8206
7617
6805
4064
9186
9049
9627
5913
0357
7125
1218
4522
9071
7181
1705
9385
7621
3927
1258
1553
5803
2392
3108
4142
3326
0061
7024
2667
9046
6816
9164
6154
2091
5836
4651
4348
0012
7367
3507
7606
5592
3015
2713
5539
7524
3636
5618
4721
2922
4278
8159
8313
8016
1202
6329
5962
7233
7856
2379
9602
6013
7523
9564
2742
1518
4112
3730
0563
1486
8549
6874
9293
2646
1337
0705
7534
2173
1419
8834
0820
7751
5480
3126
9123
2814
6737
6217
0512
2443
0551
4295
4434
8105
3354
6226
7204
4279
2374
0796
2681
3284
6141
3708
7893
5762
5880
1498
0284
3756
0844
8863
0609
2286
1076
8813
6885
5164
6301
9242
0405
4523
8062
3593
6042
7159
9423
3095
6412
4442
9938
9442
8631
7221
2745
7266
7176
8577
1791
4030
3867
8745
3698
2503
4600
4674
3084
9431
3945
3595
4165
5564
7568
9394
2669
3740
4325
3305
3491
2577
1254
3848
3414
2119
5657
4446
8526
5822
4249
5412
9589
1361
6774
8133
1899
7913
0194
3566
6283
7837
7609
7726
2470
5130
3373
1608
7778
6925
3532
0598
7155
4722
5115
1694
4821
2845
6121
7786
5903
2923
5890
8422
2106
2829
6356
6053
9406
9583
6870
0981
6098
1520
0889
4607
2663
4332
3614
1623
0510
2305
2992
1010
4385
6646
3394
5411
2428
9825
3662
1692
9738
7365
5860
0117
9374
2530
2394
9443
3059
0458
1040
1189
4548
5178
8351
9223
0136
6039
8592
9971
5639
7236
7574
9538
4235
3744
9419
2985
3223
3993
1888
7352
1053
6011
9119
3104
3539
5867
8995
5066
3816
3881
3264
7074
5252
0759
7581
2545
5616
4088
8386
1081
8841
8803
3243
2777
2738
0837
4693
9831
5474
9494
9629
6441
4987
4595
6195
5992
1725
5175
5119
9141
5133
8936
7173
6332
3956
6040
2453
9059
3048
6440
8788
0324
4720
6618
2050
2531
2148
1730
7600
2591
6589
0361
5851
3701
1163
7922
0968
0074
6358
3703
8444
7896
1307
3688
7957
3514
2576
3410
6185
2431
3722
1466
9261
0116
0071
4657
8538
2837
3585
2878
2099
8213
3630
2293
9012
0365
4338
6063
5441
3036
6420
2539
7489
5152
7169
1342
4528
8953
8545
2131
0412
5427
3225
0409
2953
2132
9321
7832
8736
9449
4891
7630
0280
3954
1809
6450
6912
0229
8269
8007
0282
5340
2154
3308
3672
3375
0752
7767
5045
0003
0661
9838
2893
7823
9211
6871
7825
3202
7380
5911
5479
1599
5250
9453
8150
8103
9894
7046
6183
2103
0922
1611
2760
8982
0426
9136
0659
1421
1697
6378
7537
8804
9525
4551
0285
8276
3619
3488
2127
5621
4089
4686
4343
1001
0741
5346
3499
7111
0466
3278
4054
7794
3395
7699
2856
4115
0687
2336
6538
8031
2817
1470
2292
2730
8326
0857
0689
1712
1370
2640
3302
4629
3752
6374
6395
3150
0241
0732
7805
3473
4414
2115
8272
3209
1870
9202
9824
0604
5249
9501
3442
1117
0830
8455
9842
2018
0222
8286
9088
8655
1678
4864
2415
8687
6142
3516
6475
5502
8395
8518
5033
6748
8894
7567
7890
8604
1893
9793
6845
1308
3580
4022
8938
2446
6682
3788
5827
9727
7742
4317
7854
6567
7510
8823
6586
1297
5333
1009
9699
5645
3858
9240
7530
2349
3637
9391
0377
8900
5712
3049
3113
1835
8411
0794
0781
0314
2990
2565
2533
0905
6119
2024
7010
9749
3820
3103
5840
2235
5506
9091
6765
8559
0279
5449
6499
5571
7961
0841
3272
8147
9806
3504
1606
6156
9528
2942
8050
0025
0802
6830
4785
6375
4935
6955
1670
8978
6421
5238
0634
1813
9669
3801
6685
7381
7564
5323
8851
2495
8436
5555
1586
4705
9351
9185
7160
6593
7842
8880
3314
6948
3575
3476
1834
6751
0144
0778
6862
3809
9684
1304
5886
3579
3830
9270
4029
7955
2722
3303
3003
0723
9847
1395
5715
6069
3895
8423
2849
7350
3251
7850
9287
9125
7686
1029
6424
0685
7377
0770
5912
5007
2294
0589
4105
9782
9237
3086
0621
3276
8775
0520
4913
3069
7565
1550
3200
9890
9633
0472
6598
5546
0122
5442
9253
6169
1269
6962
7703
0059
1642
8768
0816
1044
0529
9315
9676
4429
7316
5469
9364
0580
9506
8618
0700
9786
1704
7427
5830
4594
6668
7892
0797
6876
8512
0022
4967
0169
1907
0138
2138
9803
8635
9430
6123
5111
3542
4810
2143
2418
0173
0647
6229
4769
0729
4298
3393
9061
9341
5489
4440
5206
3629
9337
2972
4015
8235
5025
3908
8300
2956
3390
1496
3587
0940
3120
2943
4415
4879
3461
3292
8524
1864
8299
0132
4168
2008
4623
6672
0819
0561
3257
3166
0399
3416
1708
7139
3931
4138
5619
7311
0327
6045
3082
5846
4200
9216
0410
0124
5168
9545
3645
3374
7596
3019
8099
2991
1529
9616
0680
2604
1865
7133
6810
5957
5483
1143
3938
8345
0840
3721
9107
4835
7336
4876
6896
1668
1799
2219
6784
0069
4978
9673
6439
7110
8831
0807
9192
4082
1861
1902
4059
7086
2484
1468
0747
8207
9977
4756
2656
6058
0092
7144
1240
5036
3594
9983
8660
9009
8730
0892
5536
6903
6490
8393
6038
4151
9542
2486
3599
6281
5746
7694
3073
2838
8724
5147
9086
0170
8921
9752
2682
3211
8044
4658
1918
3789
6495
1042
8827
1868
4635
1857
8008
4905
6008
0644
0024
9969
9352
2476
2473
2690
9785
2885
0205
7758
2093
1812
3611
9493
5630
2723
8474
2329
1582
6680
8682
0427
0960
3285
5997
1560
8297
0177
5894
9460
8757
6274
5284
7422
0113
6242
2075
3977
1499
1136
7749
7405
6736
7612
6096
7261
2339
3615
4723
6455
0524
6193
7729
6347
0534
1665
6035
8482
7695
1965
3757
8811
6929
7937
6626
0683
3640
9447
2080
8347
6377
4090
7393
4132
8656
5026
1257
3245
9814
5065
5850
6506
8406
1196
4180
2711
7498
5401
4956
1845
7136
4662
2398
6631
0259
1400
4170
1923
7650
2724
6146
1943
9081
2532
9290
4550
3962
1641
0053
1478
7775
2926
1798
8576
5900
7326
2568
1629
9399
1927
0869
7855
9093
9626
8906
0079
3834
3723
9393
5842
6252
0340
0231
3408
4713
0246
2105
1972
8598
0913
4282
8844
3179
8913
2674
2186
1225
0464
6400
0513
1758
6813
8283
8189
5351
0160
8467
2907
7092
4377
5191
3837
1210
3972
7870
1983
9239
9976
9036
1583
1293
8289
2234
4690
7021
0987
7635
5508
0349
1051
4352
7946
9559
9269
6954
7885
3178
9557
0848
6291
0602
1295
5426
5108
9033
8555
5459
5877
0304
6908
9132
6932
8989
8030
9294
8522
2809
1947
4807
9455
1624
2450
0949
2677
5843
6970
3552
3975
7483
0877
3714
4897
7262
4783
8165
2221
4076
5248
6266
7209
3206
7416
7980
6478
5106
2160
1876
4268
7960
8109
1214
3039
8042
2100
4772
9767
0839
6530
6548
9117
1096
2111
9614
1753
7466
3260
0509
6731
3857
9229
8985
2732
6219
1962
7237
1067
7576
9596
6254
1206
8360
4210
5257
0107
9775
9013
2209
3920
3139
5159
7871
2015
3626
4369
9707
4499
7997
9260
2699
7081
2020
8375
0380
1208
5492
5368
1290
9747
4746
1265
8965
2818
0296
2559
3020
9682
9153
9169
4160
9600
8607
6664
0178
8684
7835
9152
4157
0482
7808
4833
0976
1217
5629
6028
9333
9026
4344
5810
9944
7372
3665
5972
4903
2282
0754
2843
9362
7476
7853
6498
9162
6829
2314
1700
7048
8974
7297
3755
6286
0345
3485
6431
6030
7556
8253
1995
2002
2788
6300
3779
1820
3959
7705
0749
1367
3968
2268
8805
4626
6324
5870
5742
0947
0013
4310
9943
6244
8461
1842
2827
8716
9575
7456
7633
2098
4313
9387
2222
5338
5698
4285
5303
2158
4878
7408
7644
4521
3163
5428
3046
6783
3050
0527
9933
5326
2540
2490
9070
4393
7975
3644
7223
4511
9159
8410
6727
5767
4426
2666
3412
1711
0404
3797
8942
1984
1932
5369
8307
7914
6363
6981
4692
6891
5447
6132
3810
1989
8629
9546
3133
8022
2983
8582
2944
2520
5117
7248
0813
8719
8720
6572
0130
5461
3551
7547
8047
5154
7425
4215
9195
8172
2185
2037
1527
7302
2338
9687
9843
0775
0715
8084
5643
6747
1176
2074
7420
4038
6625
4127
9903
5328
2859
2150
1706
6592
9948
9376
7844
7083
8367
3283
3661
0317
4281
1030
5473
7064
5466
4300
2003
9769
2550
1387
8902
1475
1064
2978
0948
2515
4896
3872
8039
1325
8795
0999
2970
8244
7601
3193
0508
3482
9330
0776
1779
3487
6750
2704
6575
3364
6667
0969
9301
4710
1260
2708
3761
4904
3344
8043
8053
7904
2442
8888
1506
0541
5216
9382
3546
9005
5380
4099
2260
7629
2153
5415
2868
0095
7784
1372
9636
8725
5563
6648
2315
3409
6470
5653
0648
5544
1630
2335
4975
7447
8040
1351
5396
0706
8388
2971
9422
4740
4784
6658
0507
5271
1647
6120
9234
6198
4639
2271
9761
8301
1906
4698
2933
3067
1571
6201
8476
2534
2264
6628
7045
7641
8091
9578
1756
7810
4046
9458
4504
6857
1869
2167
8883
3718
9001
5754
7544
8380
6508
7468
8237
9985
3447
1618
6024
0339
3550
4578
9492
9137
9174
5825
3880
8349
2448
6978
3230
6858
1385
9296
0256
5970
9489
6615
2642
4712
7559
1248
5917
0988
5631
6221
9232
5895
1492
3901
8901
0671
4216
8790
6733
4269
8124
7482
6560
2404
9233
1349
4591
8741
9256
0900
3518
3937
8185
8846
2668
1933
3480
1332
5805
3109
4782
5387
3129
0052
7300
2444
6323
2891
5525
8944
8756
3099
4129
7314
1974
2006
4840
3072
4002
0402
1440
6269
3821
6144
2223
6200
9530
9739
3775
8892
7750
0375
5004
8440
6910
8458
6686
1509
4081
4012
8162
6492
8731
4917
1364
6780
8240
3565
8376
6306
8220
1227
4084
4451
5914
4654
6027
7989
8140
0370
3856
4365
3572
7796
1819
1828
4177
3277
9532
7438
5635
9118
6528
9830
1180
9611
2610
6172
0214
4694
8490
9936
4110
7375
4855
6902
6551
7479
0400
5118
1789
3252
4053
9609
9298
8002
9063
2527
9295
9188
1448
4888
1646
8025
2367
5041
9108
7714
9213
5974
8593
8599
2066
6249
1787
6576
7770
1410
8600
5314
9262
8279
8623
6623
5146
1548
5667
8668
5384
4938
3864
1986
1675
5287
1908
1535
3237
9800
2277
6079
2958
6957
4471
8819
7270
4094
4286
8961
5237
0772
2089
4032
3297
6180
8967
6489
1913
8780
3338
7232
1460
4959
2019
1655
0954
4954
4743
2343
7059
2627
4070
2178
1110
1602
2410
0690
9350
8971
2360
4748
7247
2806
4289
7062
3466
0288
9331
2821
9869
9811
0760
8389
0814
8705
5128
6924
4825
9930
3868
4715
8193
3349
8712
2063
9644
8427
5398
8421
4191
4040
5977
2014
2511
4508
3149
2523
5587
4561
8065
0191
8521
3680
9925
4241
5736
4955
9474
2731
2879
7549
3486
7301
8794
1151
5995
3635
1651
2501
8273
1339
4206
9336
0262
8074
5687
9120
4501
1365
3451
8603
2344
2330
7088
6109
3151
8005
3751
3455
9307
2899
3405
3535
8312
3171
3928
4031
9054
9372
1830
4638
1814
5941
4645
2299
2391
2291
9462
6719
2975
0369
9715
5944
1833
7271
7792
4648
1165
6255
0373
2976
8014
2248
1301
8645
8674
0989
0216
0811
8957
5286
6634
3971
0945
2481
0588
5939
1075
4171
3298
1831
7831
9519
4586
6073
4970
4480
4308
1103
8678
4765
0938
5145
8520
9784
4411
0849
9980
2474
4016
2269
4553
2517
6369
3935
0197
3813
9433
8769
1277
0244
4641
2198
6930
0153
4797
9921
6711
9877
7733
0607
8998
1702
3138
1444
8033
4326
2547
4520
0605
6959
5225
6543
9730
8340
9987
5919
0861
4349
0413
3597
6267
6669
5625
9836
2541
0401
3199
2475
6818
3554
1357
5680
7254
1018
3146
6241
8494
9403
5976
6609
5673
9322
9409
1188
6194
0838
4072
8785
7000
9052
1931
3804
0769
3745
8348
8914
3452
2653
8627
0330
4996
1144
7806
0030
9679
7197
4254
4299
5370
8071
0091
8018
2528
5251
1097
5636
1539
9288
1366
7095
0886
6477
9656
2529
7016
0645
7035
0530
4242
0390
2218
6159
2606
6438
5306
8119
5232
1398
0755
2358
6344
1182
1832
2402
0176
0737
0730
3403
2736
0809
3570
2905
7101
0767
4602
9518
4901
0579
9375
4505
5761
4752
9817
8439
5964
1375
6590
8860
8554
7284
3668
0145
0669
1230
8317
1804
9906
1736
0657
2560
1549
5945
6190
0121
2496
2872
7185
0558
1093
5654
7382
8325
8657
6131
9923
0593
8045
9502
6103
3612
5027
1434
3613
5372
8990
6459
0744
7018
2603
1905
1113
9753
4362
6800
7418
2679
3946
0879
3677
4424
1811
4621
4407
0826
1976
1177
3021
7777
2828
2783
1530
9444
4096
7491
0475
6945
1416
0783
4837
9552
3167
1914
9537
5043
6859
3363
4360
2512
7363
4155
2479
8321
3796
4078
2126
3045
9732
8070
3764
0576
4824
0008
4497
5928
0712
6264
9487
1191
8591
5854
5722
5744
0972
9628
9020
6280
0782
3398
0336
5832
0943
6914
3674
9100
8489
0601
1127
8216
4532
5195
5833
0583
2052
2433
4729
5018
1287
5484
0565
3296
1576
4951
6693
0044
5745
1153
4010
8054
4290
0655
4033
8688
9104
3841
7988
2107
8999
5622
5221
6942
1107
9510
5951
1749
3032
4697
3890
3538
0425
4004
3459
4125
5774
3445
3617
4051
9378
3258
7054
8473
9320
5462
1061
6673
6556
8632
2437
5137
3446
6841
4185
2262
0309
0146
1587
0105
9266
2386
5453
1458
6272
6491
3883
3347
5813
1036
5690
8510
7541
6334
8372
7339
0290
0612
5796
2042
1141
6292
2141
2092
4702
1724
2215
7031
2542
0927
6792
1877
4606
8972
5757
4850
3742
7800
3352
5605
7328
8037
8862
5551
4691
0787
6171
2058
3785
9021
2902
9392
0831
1682
7713
5344
8488
0699
6892
5093
8686
3011
1178
3771
0688
2835
0750
9200
5918
5576
3105
7979
7948
9713
3925
3934
9424
8015
5991
4867
1656
8231
9639
6729
5640
7189
8608
9548
5353
4968
5534
1148
2671
0568
7348
1568
2370
9966
8250
3439
7995
0942
5915
3419
4175
1909
6850
4192
4628
0218
1737
6756
3216
4423
2516
9002
4437
9008
8799
1672
8392
7493
0430
0143
1698
3387
3731
5872
4964
7219
2432
3407
0728
9815
6616
5700
6926
6814
2069
9215
2165
6921
3979
6760
1741
0724
4448
8330
7370
1198
8933
8293
4454
5034
9467
2480
8798
3493
2155
4995
2492
7076
6855
8228
7798
5389
5242
9882
6801
0544
4808
1502
8001
0158
9377
9717
0684
8010
2655
5994
0255
8214
7130
2121
6505
2961
0608
0790
6854
7428
0726
8211
3842
4188
3647
4839
2048
1428
4136
0164
5780
6041
1631
3418
5366
2192
2562
5488
2842
8337
8664
1092
7934
5305
2116
6931
8704
7820
5100
1397
4562
2694
6432
6277
2620
2212
0528
4779
1862
7077
5669
9400
7006
5834
4075
3087
2854
8784
2194
2387
4834
2197
1105
8382
3182
5129
3180
4726
5989
4530
6160
5723
0890
7709
2739
5417
6265
4966
0331
1128
5476
9305
4926
8204
6539
0254
6354
1516
3210
3417
4181
6879
3790
7509
2536
1429
9812
5674
7304
4267
9720
3583
3355
4293
5764
4932
0006
3145
1384
4083
7693
9286
4496
9939
9316
9622
5327
3270
4535
0997
6143
6256
4238
5961
3638
0291
0227
8713
8575
4816
9405
9251
4861
9208
2786
3295
1781
6148
1147
7684
5017
3970
7528
1710
4609
1500
8899
3702
5393
4800
6473
0133
8729
1465
2309
5463
9302
8878
6173
8821
1268
9932
1235
8809
8089
4811
4351
2084
1917
8116
3168
8064
7353
4481
1094
4400
3687
8058
1627
1911
9685
3317
7764
2102
1317
4768
2302
4196
7437
2324
0432
2729
4533
4590
9060
0937
3185
3076
9996
2044
8462
0316
6562
2651
6578
8176
0154
1687
6875
9718
3983
7255
1190
2855
8932
5517
2508
4048
6247
2128
1747
7253
7172
4159
5048
2332
4060
7613
8387
7183
0184
2761
3207
9173
6294
8090
8438
7795
4118
3839
5293
5321
7982
9818
3061
8314
6983
9421
0953
1411
5507
6757
5419
7811
5954
9369
3887
1815
5594
9649
5406
0039
8098
4150
0639
6222
0743
0722
9154
9572
4154
8003
9469
9804
7653
9953
9503
3798
3341
5223
8486
0804
5261
3281
4120
0965
0417
7129
9988
9693
0438
0199
6739
1135
9484
6630
0966
5374
8652
8230
0196
5200
6102
5931
8960
3944
9416
5791
0010
1084
6077
9743
0237
5031
5325
6515
6002
2775
8245
7450
2925
7321
4916
3101
1505
3852
5493
6007
4328
4593
3078
7847
7206
3607
9533
7715
4666
3564
5788
0920
9134
2914
3376
5593
2193
9973
4425
0649
7983
8319
8160
3627
1321
7500
5713
0656
7441
1131
3548
5766
4939
1234
9285
8356
4804
8500
7312
3697
9500
8093
3904
4061
0358
3683
0908
1281
3176
2383
1639
2700
3573
7402
5672
4678
9113
4255
1439
7202
9595
3306
2504
6227
3882
4487
9339
0086
3560
6088
8096
0899
5471
1261
1000
5229
5499
0522
1910
9664
9893
4542
1634
4469
1418
6840
7256
1892
6861
4380
2728
1014
8381
7218
5139
1674
6799
3197
2146
8017
4642
2189
7030
1194
3523
0914
1657
9735
8527
9872
7901
1643
9772
7620
0785
6670
8338
6390
7103
6176
3501
1592
8479
1142
1955
1663
1691
6599
5022
8036
4044
9864
8415
9019
7958
4718
5180
3941
8343
0893
4074
2628
1744
8547
4236
7371
2004
0540
8996
4467
1046
7942
5010
3158
4436
6494
2866
1840
0449
4838
3148
0220
4244
3774
1422
8588
3663
7605
4050
4977
2617
9531
2574
8529
9199
2852
9535
0444
1226
8450
9544
2289
0780
8951
9736
3658
4598
3097
6516
3770
3448
9876
0674
2147
1493
0503
4647
7100
5090
1481
8409
8654
2510
8107
8912
8480
7938
2170
8478
0865
2935
2021
1480
4703
0962
1991
7508
1324
8680
8377
8732
8584
7990
2259
5607
2763
9275
8651
1837
8908
9343
1610
1715
7200
1447
7287
7552
3181
2513
6629
4091
8383
9148
3851
3490
2871
1579
9558
3875
0396
1767
7841
5966
6889
7497
0873
9750
2308
8956
6315
8327
1719
2951
5512
0298
6817
2168
0306
4679
8344
4456
0073
6199
6319
2936
1930
9686
3822
7224
3862
1848
6485
0883
5920
8046
6743
6124
6339
7894
5869
0675
1717
0630
8477
0897
6150
0250
0762
6135
8335
3824
3404
2342
6205
2772
8532
4302
7459
1714
1007
8111
5122
9359
5538
8634
5477
8560
5397
2190
3400
4650
5750
2139
5904
3886
7723
3773
9623
0271
6151
0451
3114
2876
1232
1162
3238
4942
0677
9620
8370
3365
1158
1950
9601
8916
6742
7863
4655
6428
4233
6364
5301
2779
1867
8816
6049
3143
3310
6507
0333
2792
5278
3128
3184
6355
0569
8212
2571
9483
5042
8469
5570
1552
3496
2272
8701
4092
7907
2340
6060
3286
8871
5183
7013
7320
7661
4805
8620
0000
5940
7573
5320
3300
5579
4906
0297
3242
6819
0341
5331
3528
5996
6434
1412
4100
4610
5015
0295
0261
9883
2273
8815
6047
1729
4611
2937
2435
9413
7288
5209
4067
9034
2033
9149
0803
8919
3803
2609
9960
0615
0764
4027
2403
0973
2266
3319
4575
3366
6085
5294
9193
0180
0352
5968
2472
7113
0395
0686
8094
1077
2323
6285
7369
3454
5566
8346
9951
9038
9570
7384
1853
2347
8928
3833
8561
6029
5324
1404
5958
9095
5504
9716
6321
5610
5092
8290
8209
3558
2675
4665
4073
3102
6145
7351
9701
1839
2657
0346
0902
1379
3236
9037
0784
1872
2326
1353
0070
5902
5160
0928
7673
4071
7340
7886
0636
1126
4928
3926
4986
0748
1620
4146
5347
6444
2552
2297
3489
4701
5514
7739
0382
5543
7824
9328
3458
9549
1816
5310
7499
7027
1925
4189
2213
3996
0424
1941
3916
7741
3524
1693
7413
4925
1464
5814
2929
7152
7759
9859
4152
8041
7140
5114
7374
3643
0232
6966
5500
9748
3154
4853
5371
8872
0366
8268
0843
7154
2691
5098
8130
1381
7118
9227
9172
0418
4614
5230
5214
4738
5510
8977
0548
9003
3142
1013
0175
9379
0582
0277
0625
8812
4453
6803
6610
5080
0964
4201
0665
8609
3685
0009
3952
7501
1494
3906
7504
4017
2022
2497
3918
7042
5580
6752
9140
7696
6071
2195
1980
3013
8305
1279
3838
1689
7954
2287
6104
4193
0119
1563
3017
9297
8689
2071
0312
7663
5451
5404
7889
9180
4663
7917
7867
6411
9201
2077
1284
9007
1884
2660
8404
3762
3802
9323
7539
9512
4137
3191
5083
4401
0322
7538
1957
3713
8132
0944
3062
8691
5394
3562
7096
0681
3843
2390
1796
4404
3311
5487
2120
2846
3222
7834
4563
8881
0570
2227
1544
6913
9357
9910
8820
6809
2382
5553
8483
3369
5373
6139
2673
3453
6971
3581
6549
4887
7294
1607
6015
1764
9826
7278
9807
4742
6940
0791
4802
5021
2613
9355
3411
4247
6591
5194
7783
5710
9927
3012
7765
8733
5378
4283
7690
1688
4304
8092
1426
3380
8800
6402
5793
