0905
4162
8060
2719
9815
3051
1672
3348
8507
8200
5409
6440
2277
8800
3722
3343
2747
7829
0808
8467
8114
2970
9272
6346
8679
2282
2138
4887
1269
2330
8444
4766
9244
8264
8095
6421
9480
8642
5117
4994
2649
2837
4296
6536
6460
3680
7942
7817
6616
7207
6825
1367
0109
8333
9410
3826
4293
0668
5078
5393
1409
1038
5954
6714
0380
9811
8716
1856
9482
0372
0361
9846
5025
3175
0368
9915
6294
3840
4751
9460
4814
8519
8093
6123
1821
1381
9443
4087
3420
2256
1518
8845
6756
5857
7687
4310
6554
0918
8249
9336
4328
7856
8714
1458
8627
6605
9214
4258
1819
1634
5060
9365
5014
5246
1357
2601
7762
1168
5300
8922
4918
1179
5563
3813
3271
5190
9072
4809
2575
4832
2683
6489
4188
7544
5010
1875
2158
5344
9880
3445
8994
3308
8433
8948
6285
7061
5222
3559
5493
4881
2365
5044
6753
1605
1778
8696
7146
8736
9868
1483
0517
2496
0826
4655
0888
1713
3410
1282
8043
1259
5846
8020
6905
0865
1024
7979
5268
1988
8276
2545
4680
3898
0712
7426
7694
8094
4626
4702
6185
8571
4490
8327
7832
7434
0741
0248
9162
3943
3019
5891
2505
7498
8223
4111
9796
9527
5006
6230
4761
3529
8288
5319
7878
3521
1394
8798
5904
3579
4764
1724
3160
4059
6361
9125
1279
7658
4733
9818
6239
0562
3332
8837
5349
5655
6991
1323
5866
2741
5379
7737
7344
3362
5755
9791
6665
2114
2597
4640
9678
6984
8564
8721
2976
3406
5555
6012
5026
5687
3910
6633
2701
2731
0104
5496
3471
7969
0021
9839
9431
6008
8959
3958
6764
1931
5162
1192
1177
9213
9378
2967
5097
3995
4117
4226
3280
9837
7012
6694
4967
1944
5323
2089
0003
4132
1884
9167
1803
8049
3283
7946
3417
9230
6552
8129
7642
0898
9128
4855
0733
3481
7858
1929
8976
1181
0133
9010
0679
9776
3829
8877
0106
9414
9177
5445
1184
2695
4542
9731
4371
9325
8764
7780
6352
1208
7553
5049
6296
7250
0713
4790
5105
8640
5397
7766
4912
2367
5207
3926
7668
9789
1439
9171
7153
0427
3171
1766
2572
2522
3463
0873
8300
7136
2073
1053
0071
0172
1464
3931
3851
8159
3233
2881
2988
6550
9368
5973
3770
0034
7405
1854
8993
2458
1717
5883
8040
2715
9543
6723
8656
1206
5783
1232
7119
4954
2210
3266
7446
4712
8432
6484
8271
6155
5020
6284
1687
1729
4227
3414
3013
5415
6150
1343
0958
2374
0295
8643
6368
0977
5434
8582
2817
1348
2808
3186
3708
5972
2891
2110
3941
9461
1787
4858
5109
8786
4556
5977
7711
0138
7528
2058
6963
6331
6081
9598
5752
5909
7471
2643
0962
2820
8705
9854
9366
3091
4975
6201
9902
0279
1849
7343
3357
8045
4658
2864
2459
3270
4444
7322
7310
5938
5437
0297
4474
4453
7311
2586
7337
1945
0579
5513
6716
1273
5681
2759
7108
5586
6549
6719
4338
3780
7309
0937
5711
4178
1783
2611
4399
3565
3082
7113
5584
1689
7522
4737
1358
8398
6377
8451
8283
1742
4698
3351
2534
8331
8230
9739
3088
3965
5156
9516
3589
8548
5465
2092
3234
0324
5799
4182
7943
0101
7731
4578
0328
7409
9573
2445
0920
6960
1074
8071
0041
2041
7295
1180
6648
3610
3352
2501
9773
7299
5094
4156
7377
6937
7630
9845
3887
2802
1268
9061
4819
4455
2182
0168
4936
2945
5796
0807
1309
6351
6001
5114
2028
0355
6814
6171
7955
5350
0794
4130
2357
0707
8376
0946
9100
2287
1501
4816
2519
3346
6856
5801
3703
5301
8546
6250
7521
4642
4231
6835
7774
5175
9707
5286
2765
8010
5950
0981
5850
4215
9369
5075
3875
7340
4779
0042
2439
4932
5956
4191
5127
3655
2528
1444
5771
5090
1297
5008
1378
5338
2340
4533
2954
2064
1811
4053
1434
2164
7541
9540
7708
6231
8852
3677
9632
5558
3220
9767
3246
5029
6107
9202
1460
0495
8485
5446
5304
5535
7326
6805
1014
8693
4598
8580
4911
8960
2142
4292
3685
9380
9352
7574
8354
8747
1111
8460
0591
4149
8619
5925
8404
2144
5947
6795
9721
1300
0776
1527
0441
8192
7674
7204
4448
7873
2278
3622
6757
8184
2452
6663
4686
8831
7734
6886
7747
3798
4590
5145
3683
7527
0043
6412
2763
5610
3134
2040
5398
7892
1628
8889
4846
7125
3269
2039
9231
5321
6589
4166
6066
6882
7173
7075
2355
7755
1745
6919
0151
7429
9037
5063
2435
3422
6038
4682
6588
9504
9536
3188
3528
2401
4192
4914
3148
7333
1584
5650
9338
0186
4859
1807
7170
4585
2322
5241
9563
4784
1365
4944
0704
2260
6039
4407
2032
3679
4472
0306
8349
1319
9187
8569
1626
3760
1000
8556
3353
0174
0009
9083
2235
8359
0877
0438
5570
3732
4770
2342
6831
6511
5751
6220
2000
4097
9926
6721
5180
5112
2140
7265
2764
8967
9751
2084
7567
7095
0509
6958
4871
0066
7579
6264
3312
0040
8653
3090
6771
3015
3877
4137
3618
6820
1487
9652
9023
0389
7373
0366
9046
7376
9395
3000
8213
7640
1741
3942
2251
8699
8070
9574
6153
6731
7549
0730
0930
2104
0864
1567
4128
7221
3472
2854
8689
1813
7110
1906
0303
8480
8434
6070
2002
7987
9388
1250
6977
3241
0148
9732
9908
7211
9759
7058
7019
3306
6101
9901
3530
0087
3020
1881
6033
4342
1211
0142
6503
4033
5388
1096
9015
2137
5742
5668
7459
4520
1558
7273
2751
9101
9113
3221
6900
1440
0960
0705
5019
3364
7433
5330
9301
5701
9904
6892
0910
9447
5929
5329
1260
8527
0023
0941
8512
0992
6423
8690
5108
6164
5332
8195
8774
7880
8554
6262
7510
5069
0840
5464
4952
8400
4207
5553
6576
9050
2428
8825
7633
3074
2486
0056
6983
2261
7111
2582
7403
2523
3741
1551
1448
6206
7972
2723
2900
2799
3124
8390
1020
6305
6354
0913
4915
0682
1237
1737
8269
3776
5163
8865
4011
2359
5298
7761
4797
8827
2589
9684
9360
0194
3069
3802
5818
9729
2993
1772
0637
8050
2123
4008
0792
5421
7788
6765
8255
9869
8944
0762
5467
9595
9458
3442
3434
3777
8894
3697
1991
6249
3274
6419
6172
3728
2484
4354
5336
4299
3736
3161
2961
9224
5960
0479
9650
7908
3200
6106
4294
2926
3659
4839
4913
6944
8834
5249
0468
8146
6015
9229
2880
3486
6229
3900
6668
0822
8396
3087
2380
8677
8996
3755
3757
2193
1517
1361
7635
2698
8940
1031
9808
6202
8270
9309
2387
0636
1384
0687
9636
0198
2297
5868
4153
2647
0482
7115
5517
7968
4096
9518
3916
7060
9752
5179
0533
5635
7820
1094
3076
5243
4004
6006
3206
5002
9920
3231
1611
2511
7224
1303
7938
1495
9734
1263
3453
7364
4462
7811
8392
5295
0598
3319
4196
1080
7486
1270
9316
5853
6819
7192
8687
0765
4899
1749
1707
3857
0959
6822
2807
2001
9110
7288
6857
6410
5873
9047
2710
8873
0895
0721
8667
1124
0154
8121
5178
6126
9694
1041
7485
4283
9597
4972
1023
8191
5411
5688
4450
6964
5326
1081
2980
2139
2237
4629
0127
2201
6930
7036
7473
0032
1046
7276
6157
2878
0252
4511
8829
2559
4222
1492
4326
3782
0153
7297
0566
4356
7300
0313
3155
2588
2421
7149
9888
7923
5294
5994
6606
8861
3746
6365
7418
4073
0595
0919
1703
7264
1764
0674
3048
0195
1732
6636
3861
8542
2416
0953
0259
2930
3128
2011
4652
1779
5223
2258
1677
4853
0331
9914
7739
9481
3522
6420
6693
7992
4808
6443
2238
3025
8427
6538
4427
4562
8356
8039
5548
9934
3450
6209
0022
7941
9117
8652
5414
6310
8799
6657
9903
7925
5575
4072
2443
1322
9439
9246
1802
3972
6941
4525
9690
9606
9987
6060
3096
1252
2533
7076
8315
5080
0858
3791
2567
3316
9454
5714
6627
3238
3513
4012
3075
1449
4400
9947
7350
2964
4339
3991
4759
9427
0634
8182
4689
4999
2617
6725
8803
7976
3183
1905
5758
7746
9331
2635
1201
5119
0829
6358
7392
0780
9300
9897
1678
0690
2987
7742
3996
1415
4090
8759
0490
1631
1900
5126
2863
4343
8788
3599
3303
9236
9519
9358
5831
0000
6525
7995
3133
9356
1570
4493
1276
8375
1286
4597
7381
7222
3583
5784
2175
8953
8199
3101
7629
1519
0459
3084
3768
6762
2645
8555
5394
6205
4109
2989
1047
5281
4205
2449
4228
7547
0633
3657
6053
4359
0951
5798
8332
9339
0122
9402
6399
3252
8442
5777
6943
2078
9223
6077
2091
8243
4216
3347
2112
3855
2209
7909
4362
9030
3845
7186
4396
9180
2296
8429
0841
9424
7482
3744
7483
5691
7179
3800
9772
1262
9495
1239
9641
6981
8796
7563
0369
4829
2676
0944
3816
0145
1393
7139
4095
6759
5708
0810
7307
2177
6233
8896
5623
4593
2408
0766
3617
9286
2889
1773
4861
4763
7548
0515
4614
1862
5847
1254
3614
0778
2402
6810
7678
3504
1350
1100
0309
6948
1398
4921
0147
8152
3054
7430
3506
8144
4943
9104
5148
3804
6258
7861
5792
2615
6718
1122
0804
7744
9396
0114
4844
5096
5748
1119
5968
2344
8324
1825
0215
3454
5331
6965
7014
5753
6102
3397
0189
5779
8701
0821
8849
8338
9114
8491
4103
8469
4962
4603
9506
3291
5832
8749
0064
9824
4312
6776
8746
3180
7536
7092
1887
9041
6826
8120
1088
1793
5607
4045
4063
1205
6092
7458
2191
2515
4817
2571
5036
2675
1814
4186
8260
5837
9353
9412
4551
7740
2549
9825
0529
1824
2898
6089
9463
7785
6112
9174
3632
3066
6297
0470
6321
6597
5727
2994
6309
3828
1092
0603
0543
0553
2497
5814
2432
8558
5921
3510
4140
2394
8428
8318
1904
9282
8824
9821
9432
0266
8902
1573
1408
0332
6888
5474
9783
3724
8488
1818
1897
8927
6104
3333
8520
1593
5141
9847
5417
7127
8941
7996
8644
4517
2047
1010
5998
0558
6778
9448
1559
6999
8086
0623
5503
1375
3496
5456
3556
3467
4978
8579
7410
4862
6703
0669
5492
9430
3620
4535
1123
8163
9639
7477
7508
3142
6777
9833
1510
8403
2895
3712
8386
3129
0236
1156
6642
1036
9633
9577
1791
5806
1198
8355
3817
1018
2668
0439
2968
5104
3538
8265
3636
2106
2568
2680
2108
4146
4716
9147
2613
3591
8012
4115
1128
2870
6830
5181
2135
0649
3762
5902
4253
8063
8026
5501
0622
1431
2890
2822
7033
5915
8754
0220
5276
4928
7007
8251
1716
9687
8096
8160
3222
4504
6655
6482
8534
6921
3839
1697
0719
2241
1220
7575
3555
6561
8980
2425
7049
5728
7993
4465
8761
4896
7496
7387
9829
1299
1643
8109
4240
0954
1553
5086
9549
3363
8945
5803
5624
7232
8828
7024
7131
7225
3378
0880
6783
8743
7267
6634
0088
2665
8844
8928
9667
1407
0834
7150
9097
8322
3518
6394
7956
2882
0026
9651
7866
3413
2866
7148
0872
5309
4416
9932
6159
3567
3147
3773
5913
7752
1351
6120
3807
0146
8202
4408
0283
1049
2684
0149
1032
6431
0597
6451
8686
3321
6887
9123
8069
8635
9313
0348
7590
9457
3704
9940
9802
3424
0465
3554
7370
7412
6629
6139
3505
4625
3122
4316
6649
3177
9787
4431
7284
8266
9341
4980
4459
7356
6697
3968
7219
2939
1830
3502
6079
5918
8809
7660
4834
9175
9222
7569
0782
8281
5018
9712
1131
2221
3806
2796
2911
0738
3281
5275
4038
5899
4774
0178
5361
0102
9887
9088
3339
2758
2959
5580
0819
5251
9190
1150
4210
4510
8126
1340
5227
0990
3892
8539
2009
7071
3750
2216
8031
9642
7363
0281
9019
8084
7055
7888
9405
8335
2642
5317
4838
9262
1320
2858
9081
4541
4860
5878
3893
7589
2227
5619
6631
5735
1911
1436
7894
6676
5537
0489
2576
8350
6191
6681
1256
9836
2189
1318
9709
0157
0258
4538
9492
8939
6135
5612
4041
7682
2494
9999
8568
0312
2405
2704
0613
0436
6131
9283
8720
2899
4314
7338
8990
5785
4757
7595
5901
4184
3544
7874
0228
1438
2544
2437
6210
6741
6842
3557
5116
8055
1054
1397
8977
8366
8496
3534
8388
5015
6166
7661
9567
0083
2307
5911
9572
5920
7770
1600
8225
0866
8304
9374
1025
0467
6306
6884
1522
6517
2563
3994
8158
4724
3275
6624
1370
3966
2447
1710
9584
5479
7572
2407
2488
6011
6501
4075
3647
2556
0651
2024
5302
1747
3299
9438
3733
0619
4728
1874
8879
7100
4937
8850
5451
9107
3726
2117
0399
2513
8704
4531
2856
8954
6134
4392
7054
8731
3209
4857
5453
9227
3884
5686
7456
6922
7911
7625
2269
1030
5636
5671
9161
2472
6801
9065
9507
7256
3648
5699
6276
0575
5406
8118
7216
5746
0678
9528
9426
3838
8657
2362
2148
2607
7681
5870
7198
2818
0813
7782
0370
3440
5916
0641
6847
1847
5930
3138
3113
2771
0272
2732
5103
2558
9111
2130
1612
6300
1076
0197
7223
0506
2950
5168
3611
8630
8930
8052
3812
1961
8037
0421
6046
1648
5391
1287
5851
9893
3873
7454
9552
1872
7203
1447
2054
2476
6935
6748
1380
7646
3039
9823
2785
3967
2525
2946
4476
2888
3654
3172
7205
2272
2124
8394
8054
7515
4981
6029
4415
4002
1296
6405
5233
9173
5339
9568
0785
6355
1196
8047
1321
0450
9134
8604
6125
3627
4321
1214
0832
3080
2361
4666
7672
3485
5907
5245
7443
0045
9004
7388
1521
3153
3232
2109
1191
0626
7262
2107
9580
7641
6432
6711
1165
5271
8669
2716
8267
9959
9810
7172
2727
4492
5360
4792
4113
9520
2467
7226
9956
3950
1526
4423
5290
5601
3999
6471
8590
8596
0764
0110
3927
8032
6807
9106
7052
1313
0318
2220
2850
6252
0352
1207
9052
3185
7710
0378
6555
3962
1135
5722
0422
4820
4771
1684
5865
9858
3740
9357
8036
4057
0437
0137
6148
8231
9149
3944
1243
5383
7566
7169
7118
0455
1474
6926
2626
7784
2832
6180
5608
4405
9916
5941
9905
1513
3035
4107
6865
0931
6548
7562
2119
6726
6989
9688
4138
7087
8895
9953
1467
1796
8917
7436
5546
3402
8250
8805
1597
1735
5805
4491
0963
1652
3218
0740
2304
2627
6425
9713
3660
6799
9243
5228
7380
4586
3249
2840
1489
5470
6396
8112
1027
9874
9459
4194
6975
8815
3473
8321
1371
5505
8379
8785
9051
2618
3079
0540
4596
3549
9637
4093
4390
5283
6540
2717
9290
6742
5685
2530
8719
1175
1622
9955
3217
4924
1878
3532
8725
5257
2493
9390
9355
1462
5885
5161
9070
5258
8461
0673
7860
4022
4176
6454
8840
0659
3756
4263
5288
0098
6673
5052
4204
1914
3715
2126
4584
9928
5719
3204
5392
7358
1241
4475
1445
4085
2188
7904
0577
6446
1426
0282
6137
2551
9442
9603
8812
2419
5605
9990
2375
2986
5934
5739
4754
2019
1258
0140
2821
6213
8153
9769
5991
4336
8205
1933
1079
3230
5412
3974
5827
7124
6225
0886
5848
4709
5023
2555
7017
4565
9268
4221
8053
1172
7419
4607
1882
6314
3904
6307
8426
8867
3137
3267
9748
8541
9724
0170
1594
1170
9851
2320
2253
5407
1685
4265
5821
1339
2752
5408
7475
7439
9820
5988
4067
3344
5897
4010
2688
1421
4237
9294
4105
6736
6216
4639
9112
6607
9486
7724
1305
2268
0035
0244
1085
1817
1490
5634
5648
8081
4869
6272
0527
7184
4685
6997
7958
5845
6504
0249
8860
7552
5325
5637
9982
6408
4560
3658
2118
6702
7093
7912
9742
6544
7270
5122
6470
1599
2542
0811
4812
4494
2767
2096
1673
4290
4358
3981
6696
4591
1353
7188
5519
2014
1329
4322
6841
1946
9571
4013
0446
2775
3369
5305
0223
7632
2293
4009
7323
6862
1940
5364
1722
5177
6592
0483
4211
6899
4030
8414
8943
0048
9708
4370
5136
5816
9136
0218
8532
8550
8806
7584
0375
9972
1848
2924
2713
7043
6979
3639
2403
7916
8741
2464
5793
4782
3458
1837
4635
6086
1785
4125
0232
4484
6584
2077
0494
5747
7481
1222
1723
0942
2051
9784
2995
6836
7796
7321
3801
4805
0964
6739
1271
2262
4229
2309
4422
8756
4436
8947
0654
4340
3531
4058
1901
8603
0788
9780
3329
1756
5772
9522
7305
1927
0781
5462
0569
3693
2632
0411
7176
6099
1120
8600
4998
1563
1633
9121
5780
7449
1059
8835
1069
5235
1480
8839
9949
7614
0445
4180
4539
2937
4818
3671
9801
2692
7558
7233
0013
6392
6816
2848
3963
0570
1833
8257
9559
5515
5186
1919
8933
8593
8138
7771
4624
1954
9257
5274
1924
8178
2725
8242
6143
5488
7180
0814
5082
7400
3193
5062
0624
3754
1470
9722
6683
4477
2267
9160
9600
6320
1385
7750
7480
4627
1247
1921
5455
5254
7291
8847
7570
4049
7834
4428
0505
3714
1006
7970
3315
1613
0791
8385
6434
2700
3516
9957
0006
6537
0304
9502
0264
2236
2059
5886
1105
6924
4856
1579
3073
6994
9760
9228
3793
6896
9127
7088
5198
0771
0410
2283
4233
6179
7657
7029
1167
8022
3713
9765
4471
2454
1505
5337
3203
1539
6667
5291
7432
1410
4880
6424
6609
1812
0989
3929
6173
7935
0644
0408
1176
0939
4968
9307
5639
1229
8819
2312
0019
5371
6917
1765
9429
3876
7450
1265
3322
7988
2187
3759
2843
2281
1715
5592
3666
7587
3237
3859
1885
6846
3354
0753
6706
7461
0063
9200
8997
0711
0448
8048
6098
3548
2965
1138
6966
6318
3984
3360
8177
5632
1709
4506
6326
0475
5892
1690
3681
3832
7011
5773
1481
0285
8066
3819
9879
8680
2288
8498
2819
9493
0702
1886
8241
1656
4287
0686
9499
4389
6369
7242
2942
8285
6775
0727
2678
9535
6452
4262
9962
4828
9592
8447
2332
3337
4647
4806
6911
6880
7735
5602
1113
2151
4594
3118
8301
3447
2941
1442
8395
4681
0578
9564
7849
1312
3111
5106
0696
8578
2504
9607
0112
5013
2929
0745
6980
2569
9798
3869
8284
7533
8046
0053
7078
1072
5292
8601
0560
6769
1107
8465
3245
8180
1454
1420
1619
9717
5914
0059
2328
3795
9601
2385
1098
6684
2600
2935
8062
7117
0132
0428
3975
3021
3466
9922
0388
5433
1419
3243
7656
8298
8974
7021
4564
9697
6542
0755
0393
8119
7613
2442
0513
2448
7653
6879
6465
1499
2992
6827
8683
0208
9440
4552
8916
6130
0876
0270
4875
5356
1043
6395
3340
2838
5723
3228
5293
7842
5804
0596
3734
1720
4062
2662
8560
0652
2353
1638
2052
7960
4147
8898
0680
9777
9857
3835
3302
8767
1624
7041
9464
9403
7476
6021
1075
2784
2940
2768
0885
2535
9844
1578
7051
9377
3491
5011
9539
2243
4275
5299
3047
7152
2027
1005
7406
4039
3947
1923
2036
5041
4827
9152
0839
1146
5124
5194
8508
2724
6808
0036
2622
2962
8992
8059
3841
7316
0499
6974
5202
2748
8439
5815
4300
7438
6428
4942
6529
1342
4069
0751
7129
0647
4267
2229
3325
0395
8068
5504
2087
6754
4089
2917
1832
3919
3797
3923
6374
6047
4775
6695
3545
2746
1666
7667
5092
1203
3003
2901
1840
0717
5843
2984
5055
6521
1996
2429
6473
0340
9735
8522
6722
1215
3874
7607
6103
4367
5763
8369
3688
6773
3985
2444
1011
3156
6069
3100
9382
6898
1582
9172
8374
1264
7103
1711
9525
8342
8411
5357
5110
0476
2031
2876
7529
1546
3751
3384
4835
6618
8245
7884
3127
4537
3723
1063
1425
4239
1034
5835
6962
4669
6124
1990
1552
2090
4638
2373
9129
1372
5675
1132
3596
1246
9054
6357
7190
6291
5547
6100
8108
1373
6732
4291
3032
9677
0387
1967
2276
2161
1066
5871
3551
7999
3992
1182
6402
5375
3059
5279
1694
0883
8009
8613
2871
5692
9565
6545
6303
8533
9612
0684
2242
0241
4904
4546
1896
4958
6582
8695
3856
7915
8618
8528
2780
9466
3132
4139
1975
5538
0940
6393
2577
1843
8316
1761
1174
0787
5778
2192
3853
5677
4365
0321
8986
5659
1388
2915
4699
5012
5953
5509
1659
9189
8780
9314
7905
3408
5022
2034
5074
7903
4895
3592
3581
2105
7214
8058
7329
1838
4374
6508
0590
3570
6933
8101
9140
4878
7200
8851
3052
4707
2975
6476
9317
9831
8345
2875
8188
5587
0769
3216
3645
8748
0609
6608
0250
6890
7814
9995
3784
6734
5697
8903
2159
1333
0828
7399
8085
5166
2225
6133
4524
0394
6730
3107
4548
5009
9736
6004
2023
4905
0818
6147
3140
3525
3609
2180
9408
5483
4837
8880
8137
0125
9076
4250
7094
6270
5809
6235
6614
3459
9185
4208
0739
9725
9469
0500
8098
5965
6793
6219
3017
0161
2566
1338
7081
1335
2199
1139
6032
8235
3866
6203
7497
4672
9585
1930
6289
4438
9276
9670
3475
6939
2149
6834
3365
9921
2264
3843
7775
7604
4425
1109
5428
8092
1809
4244
9118
8965
7367
9814
8659
3168
7372
8878
8203
5567
1115
4845
8025
7361
9774
5197
5354
9241
5905
1161
0486
5045
9942
7871
2415
6768
3954
2473
2346
3858
8745
3115
6844
8814
1695
9758
5226
6187
1512
1099
6859
4783
7414
0709
1889
1017
1653
7365
4479
2963
2489
9240
8132
6682
8486
3248
3377
9278
7581
9912
1743
0294
3055
0496
6903
1734
3595
9205
6255
4753
8688
2590
1980
7351
3212
0915
0491
3045
5085
7998
6474
7435
1993
2285
9444
1620
4995
8294
2770
3933
7004
0188
8240
9978
0856
1344
4449
1233
6527
6458
8347
5810
6005
9537
