0019,1124,0592
0905,3591,8690
4162,5766,9514
8060,4939,0023
5371,5472,3489
6917,9058,0689
1765,7819,7323
9429,4624,8724
2719,8619,1121
9815,9594,0408
3051,1234,9039
3876,9285,8726
7450,8356,4274
1672,4804,0953
3348,4681,5559
8507,3040,5886
8200,8500,1925
5409,7926,5569
6440,7312,2448
2277,1070,5745
8800,6987,8115
3722,3697,5286
3343,9500,0651
1265,3746,9464
3322,2179,0164
7988,9072,9371
2187,8093,6369
2747,9184,2972
7829,3893,5543
0808,3904,6677
3759,9205,5411
8467,0829,3595
8114,4061,8145
2970,6115,1835
2843,3478,9657
9272,1628,9516
6346,2409,5855
8679,0358,7641
2282,0696,6519
2281,3683,0717
1715,0908,8147
2138,4534,2655
4887,6517,6219
5592,6130,1566
1269,8281,4385
2330,5688,0523
8444,2081,2407
4766,3766,0416
3666,1281,3797
7587,2822,5002
3237,1540,7078
9244,3176,4174
8264,2383,0790
8095,8601,1154
3859,3673,8533
6421,6033,3347
1885,7458,0315
9480,3682,9223
6846,1707,1573
8642,1639,7107
5117,8471,8826
3354,5481,1199
4994,1275,7887
0753,2700,9616
6706,2055,6342
2649,3573,1825
2837,5357,9634
4296,7999,3865
7461,1514,1532
6536,2883,4976
6460,7402,1408
3680,3569,9746
7942,1251,0794
7817,5672,7020
0063,8224,3309
9200,6116,3757
8997,7829,3023
6616,3463,4331
7207,4678,0119
6825,8206,9852
1367,9113,9992
0109,7617,2392
0711,4255,4153
8333,1439,0647
9410,6805,1449
3826,4064,4121
4293,9186,6214
0668,9049,9605
5078,9627,1351
5393,5913,9341
1409,7202,0011
0448,0357,1042
8048,7125,4813
1038,9595,5756
6098,3306,0625
5954,1218,3491
3548,4522,9887
2965,2504,1062
6714,9071,2305
0380,7181,3423
9811,1705,9379
1138,9385,3115
8716,6227,6441
3859,3882,0584
1856,7621,5066
9482,3927,1682
0372,1258,3861
0361,1553,8701
9846,4487,4848
5025,9339,8132
6966,5803,3928
3175,2392,0220
6318,3108,5239
0368,4142,7780
9915,3326,1970
3984,0086,3794
3360,0061,3871
8177,3560,9605
6294,7024,8973
3840,2667,0292
4751,6088,9598
9460,9046,5193
4814,6816,1842
8519,9164,1078
8093,6154,3844
5632,2091,0207
1709,8096,7273
4506,5836,5441
6123,4651,5731
1821,4348,9582
1381,0012,2411
9443,0899,1010
6326,7367,4778
4087,5471,7403
0475,1261,6157
3420,3507,6738
2256,7606,3623
1518,1000,3067
8845,5229,1619
6756,5592,1994
5857,3015,2676
7687,2713,5892
4310,5539,2030
6554,7524,4177
5892,3636,5735
1690,5618,7727
3681,5499,0237
0918,0522,0970
8249,1910,5766
3832,9664,7312
9336,9893,9351
4328,4542,5316
7856,4721,3262
8714,1634,5369
1458,2922,3006
8627,4278,6020
6605,4469,2371
9214,8159,9197
7011,8313,8254
5773,8016,2249
4258,1202,0506
1819,6329,8163
1634,5962,1023
5060,7233,5534
9365,7856,9954
5014,2379,5196
5246,9602,5389
1481,6013,1319
0285,7523,4999
1357,9564,4298
2601,2742,5111
7762,1418,4674
1168,1518,9394
8066,4112,6696
5300,6840,5788
3819,3730,3534
9879,0563,1855
8922,1486,2039
4918,8549,6734
1179,6874,8613
5563,9293,8824
3813,2646,0856
8680,7256,0440
3271,1337,4672
2288,0705,2924
5190,7534,5058
9072,2173,0681
4809,1419,8257
8498,8834,1673
2575,0820,8523
4832,1892,0287
2819,6861,9687
9493,7751,0989
2683,5480,6440
6489,4380,5626
4188,3126,6842
7544,9123,3193
5010,2814,3141
1875,6737,3484
0702,6217,5258
2158,2728,1653
1886,0512,6909
8241,1014,8974
5344,2443,4980
1656,8381,6206
9880,0551,9779
3445,4295,4500
4287,7218,5313
8994,4434,0991
0686,8105,3496
9499,5139,4182
3308,3354,4525
4389,6226,1801
8433,1674,6590
8948,7204,6407
6369,4279,6459
7242,2374,7929
6285,6799,3887
7061,0796,6006
2942,3197,6460
8285,2146,4542
5222,8017,7211
3559,4642,6211
5493,2681,7676
6775,2189,1524
4881,3284,7634
3237,6141,0388
2365,3708,2462
5044,7893,1520
6753,7030,6135
1605,5762,6568
1778,5880,2263
8696,1498,8198
7146,0284,8473
8736,3756,7565
9868,0844,8002
9493,8863,6955
1483,1194,5465
0517,3176,6847
2496,0609,9578
0826,2286,2811
4655,1076,4071
0888,8813,0931
0727,6885,7045
2678,3523,8418
1713,5164,4258
3410,6301,5471
9535,9242,1939
1282,0405,3173
6452,0914,7679
8043,4523,5061
4262,8062,3537
9962,3593,4450
1259,6042,6597
5846,7159,4679
8020,9423,0231
6905,3095,7614
4828,1657,5908
9592,6412,4995
0865,4442,9220
1024,9735,0609
7979,9938,2137
8447,9442,6540
5268,8631,4648
1988,8527,5966
8276,7221,9901
2332,2745,7960
2545,9872,9183
4680,7266,1587
3337,7901,5864
3898,7176,3105
0712,8577,0584
4647,1791,7085
7426,4030,5985
4806,1643,3271
7694,9772,4427
8094,3867,8212
4626,7620,8001
6911,0785,8699
4702,8745,4921
6185,3698,5745
8571,2503,2440
6880,4600,7795
4490,4674,5367
8327,3084,8439
7832,6670,3849
7434,9431,3382
7735,3945,5923
0741,3595,8886
0248,8338,9473
9162,4165,2878
5602,5564,8465
1113,6390,8296
3943,7568,4699
3019,9394,1841
2151,2669,6771
5891,3740,6755
2505,4325,7188
7498,3305,6046
4594,3491,1715
8223,2577,8878
3118,7103,8012
4111,1254,8720
9796,6176,0812
8301,3848,5030
9527,3501,4301
5006,3414,1626
6230,1592,8444
3447,8479,3310
2941,2119,0780
4761,5657,8141
3529,4446,8139
6318,1142,2722
1442,8526,9442
8395,5822,6995
8288,4249,5277
5319,5412,0944
7878,9589,8447
3521,1361,9392
1394,6774,9635
4681,1955,0505
4262,8133,6896
0578,1663,5697
9564,1691,6392
8798,1899,4245
7849,7913,1019
5904,0194,7588
1312,3566,3156
3579,6283,5253
4806,6599,5586
2965,4487,4186
4764,7837,1541
1724,7609,0565
3160,5022,3274
4059,7726,9956
6361,2470,5661
3111,5130,9583
9125,1142,7822
5106,3373,1991
1279,1608,4657
7658,8036,3005
4733,7778,6107
0696,6925,1491
9818,4044,7037
6239,3532,5685
0562,9864,7557
3332,0598,1254
8837,8415,5860
5349,7155,5923
5655,4722,2174
6991,9019,5646
8578,5115,3701
1323,1694,3019
5866,7958,2058
2504,4718,1129
9607,5180,6724
2741,4821,0780
0112,2845,5841
5013,3941,8085
5379,6121,9471
7737,7786,3189
7344,5903,9129
2929,8343,5308
3362,0893,2367
5755,2923,9887
0745,5890,2637
6980,8422,7710
9791,4074,6907
2569,2106,0267
6665,2829,6590
9798,2628,1239
2114,6356,2147
2597,1744,7422
4640,8547,8875
9678,6053,5862
3869,9406,1685
6984,4236,4201
8284,9583,6873
0753,6870,4199
8564,7371,7062
7533,2004,8888
8721,0981,9169
8046,6098,6870
2976,1520,2874
3406,0889,9679
5555,4607,3255
6012,2663,1887
5026,4332,1657
5687,0540,4908
3910,8996,9882
6633,4467,5901
2701,3614,7163
2731,1623,3203
0104,1046,4582
5496,0510,9258
3471,2305,1005
0053,7942,4259
7969,5010,1872
0021,2992,6304
9839,3158,4337
7078,4436,0697
1072,6494,8024
9431,2866,2974
6008,1840,1590
8959,1010,3024
3958,0449,5539
6764,4385,7265
1931,6646,6339
5292,3394,4118
5162,5411,3373
8601,2428,6037
1192,9825,1187
1177,3662,8052
9213,1692,7877
9378,9738,7513
2967,7365,0073
0560,5860,8190
5097,0117,6254
3995,9374,8165
6769,2530,9365
1107,2394,8326
4117,9443,3557
8465,4838,1506
4226,3059,9810
3280,0458,9019
3245,1040,4412
8180,3148,5043
1454,1189,0662
9837,4548,3978
7012,5178,3815
1420,8351,4535
6694,9223,2618
4967,0136,4018
1944,6039,4274
5323,8592,2636
2089,0220,0221
0003,4244,9681
4132,3774,9626
0745,1422,9806
1884,9971,1870
9167,5639,4616
1803,7236,2955
8049,8588,5909
3283,7574,2451
7946,9538,3185
1619,4235,5754
6911,3744,3629
3417,3663,5908
9717,7605,3129
5914,9419,7431
0059,4050,8906
9230,2985,2783
6552,4977,8784
8129,3223,4406
7642,2617,2516
0898,3993,5379
2328,1888,4891
3795,7352,6494
9128,7942,1876
9601,1053,2319
4855,9531,6174
0733,9595,4637
3481,6011,0783
7858,9119,1897
1929,3104,3875
2965,3539,3040
8976,2574,2164
1181,5867,0647
2385,8995,8982
0133,5066,8504
9010,8529,3053
0679,3816,7548
1098,3881,5912
9776,3264,2293
6684,7074,3871
3354,9199,4584
3829,5252,0939
2600,0759,4254
8877,7581,3552
0106,2852,2636
2935,2545,1267
9414,5616,1326
8062,4088,8177
7117,8386,9414
9177,1081,6561
5445,8841,1831
1184,9535,7938
2695,8803,5553
6684,0444,2572
4542,3243,2775
9731,2777,9818
4371,2738,6087
9325,0837,1757
8764,4693,0853
7780,9831,2170
6352,6840,5970
0132,6176,2643
1208,5474,5593
2288,9494,7863
7553,9629,7849
5049,6441,9590
6296,1226,9656
0428,8450,3037
7250,4987,0367
0713,4595,0272
4790,9544,5196
5105,6195,7961
3975,2289,9823
8640,5992,0000
5397,1725,3782
7766,0780,4483
3021,8951,2932
4912,5175,4329
2367,5119,7045
5207,9141,1745
3926,5133,2435
3466,8936,1216
9922,9736,9433
7668,7173,6020
9789,3658,6109
3360,6332,8644
0388,3956,2407
5433,4598,0966
1419,6040,5555
1439,3097,6236
9171,2453,7344
7153,9059,1538
9601,6516,4101
0427,3770,9766
3171,3448,6646
3243,3048,2910
1766,6440,7761
1619,9876,7918
2572,0674,2992
2522,8788,1284
3463,2147,5333
8284,0324,1416
0873,1493,9838
7656,4720,5525
8298,6618,0174
6966,2050,1061
8300,0503,4692
8974,2531,4181
7136,2148,3312
7021,1730,6463
2073,7600,7378
1053,2591,8910
4564,6589,2034
9697,0361,8620
6542,5851,8672
0071,3701,8745
0172,4647,6720
1464,1439,3001
3931,1163,9983
3851,7922,5252
8159,7100,6695
3233,0968,7677
2881,0074,4236
2988,6358,0794
0755,3703,2895
6550,5090,9279
9368,8444,4622
7849,1481,5857
0393,7896,1448
5973,1307,9194
8119,3688,9551
3770,8409,2062
7613,1634,6435
2442,7957,3420
0034,3514,9166
0513,8654,7693
7405,2576,9385
1854,3410,1428
8993,6185,5815
2458,2431,1120
2448,2510,8335
1717,8107,0370
5883,3722,3822
8040,1466,8268
2715,9261,7167
7735,8912,3135
9543,0116,5579
6723,0071,7147
8656,4657,5516
1206,8538,5990
5783,8480,6021
1107,2837,4490
1232,3585,1576
7119,7938,3458
1885,2878,4414
4954,2099,9108
2210,8213,4515
7653,2170,6865
3266,8478,0286
9493,0865,7432
7446,3630,3008
4712,2293,5175
8432,2935,7674
6484,9012,0480
8271,0365,9947
6155,2021,1907
6879,4338,3159
4564,6063,1728
5020,8338,6103
6284,5441,4453
6465,8356,3876
1499,3036,3867
2992,1480,1972
6827,4703,8242
8683,6420,9980
1687,2539,4781
0208,0962,7623
1729,1991,4623
4227,7508,9367
3414,7489,9612
9440,1955,3352
3013,1324,7607
5415,5152,9191
6150,7169,8207
1343,1342,2434
0958,8680,8787
4552,4528,8551
8916,8953,1052
2374,8377,6218
0295,8545,5444
6827,8732,5978
8643,2131,3237
6368,0412,4094
0977,5427,2031
6130,3225,1416
5434,0409,1639
8582,8584,4036
0876,2953,8652
2817,7990,5581
1348,2132,7566
2808,9321,8361
0270,7832,6065
4875,8736,0162
3186,2259,0295
5356,5607,9175
3708,9449,4105
5972,8479,1895
1043,4891,5081
2891,7630,3243
6395,2763,9783
2110,0280,9724
3340,3954,6305
3941,1809,2973
9461,6450,8057
1787,6912,7928
4858,0908,0031
2838,9275,0829
5723,0229,5035
5109,8269,6641
3228,8007,9525
8786,8651,4186
5293,1837,6157
7842,0282,1425
4556,5340,2097
5977,8527,4267
3237,2154,0598
7711,3308,9215
0138,3672,0886
7528,3375,7872
5804,0752,1575
2058,7620,7043
0596,8908,3858
6963,7767,5701
3734,5045,3558
6331,0003,6761
6081,0661,0822
1720,9838,7008
9598,2893,5096
5752,7823,6541
5909,9211,9481
4062,9343,5351
7471,1610,7745
2662,1715,8133
2643,7200,0565
8560,6871,6256
0962,7825,0201
0652,3202,9001
2820,7380,3899
8705,5911,4119
9854,5479,2414
9366,1599,8844
2353,5250,4847
3091,9453,5127
0727,1447,3212
4975,8150,1219
6201,8103,9744
9902,9894,2822
0279,7046,2374
1638,6183,3435
1849,2103,2353
7343,0922,7607
2052,7287,3938
7960,1611,1554
3357,2760,1117
8045,8982,8619
4147,0426,1780
8898,9136,3288
4658,0659,8211
2864,7552,0975
0680,1421,0920
2459,3181,4236
3270,1697,0940
9777,6378,3268
4444,2513,3584
7322,6629,6811
7310,4091,8885
9857,8383,7456
2843,7537,2731
3835,8804,3831
5938,9525,2024
8898,9148,5706
5437,4551,7659
0297,0285,2894
4474,8276,0766
3302,3619,3696
1715,3488,9926
4453,2127,1385
8767,5621,1578
1624,4089,3875
7041,4686,9187
7311,1840,2360
9464,3851,4265
9403,4343,0140
7476,7100,1863
2586,1001,9253
6021,3490,3960
1075,0741,1601
0596,2871,1472
2784,5346,7154
7337,3499,6472
0513,7111,6388
2940,0466,2619
1945,1579,5578
0579,9558,2961
5513,3278,9207
6716,3875,3154
1273,0396,5860
5681,4054,2942
2768,7794,7192
6980,3395,6436
2759,1767,8373
0885,8588,1902
7108,7841,6595
5586,7699,5293
2535,5966,2750
6549,2856,4614
6719,4115,3411
4338,0687,2681
9844,2700,3879
1578,2336,6725
7051,6538,8693
3780,8031,9777
0652,2817,6241
9377,1470,0662
7309,2292,4590
3491,2730,6434
0937,6889,1743
5711,8326,1350
5011,7497,8456
4178,0857,4434
9539,0873,6722
1783,0689,1814
2611,1712,9877
2243,9750,9611
4275,1370,8100
5299,2640,8156
4399,3302,0490
3047,2308,7087
3565,4629,4296
3082,3752,9231
7113,6374,4341
5584,6395,2961
2504,3150,7808
1689,0241,8613
7152,8956,8683
7522,0732,2961
1709,7805,8391
2027,6315,0665
4737,3097,1399
1358,3473,1154
4062,4414,7995
1005,8327,9018
7406,2115,7283
8398,1719,8654
6377,8272,4046
8451,3209,3792
8283,2951,2577
4594,1870,4267
1742,9202,8175
4039,0873,6209
4698,9824,0888
3351,5512,2730
2534,0604,0287
8331,5249,5649
8230,9501,8138
9739,0298,4136
3088,6817,7529
3947,3442,3532
3965,1117,0153
1923,2168,3854
5156,0306,9290
2036,0830,5105
5041,8455,4489
9516,4679,1591
3589,9842,3750
8548,2018,3250
4827,0222,0222
9152,8286,1027
5465,8344,9819
0839,9088,3179
1146,8655,3110
2092,1678,1197
3234,4456,6717
5124,0073,4648
5194,4864,2281
5106,2415,0979
0324,6199,9828
8508,8687,4833
2724,6319,1168
5799,2936,9366
4182,6142,9543
7943,8381,8411
0101,1930,2409
6808,3516,0702
7731,6475,2480
0036,5502,9211
4578,8395,0222
0328,8518,9284
7842,5033,2750
7409,6748,5119
9573,8894,5263
2445,7567,8626
0920,9686,5556
6960,7890,7598
1074,8604,4936
8071,1893,9325
6769,9793,3280
0041,6845,6740
2041,1308,9739
7295,3580,7496
2385,1691,8267
1180,4022,8777
2622,8938,6427
6648,2446,3517
3610,6682,8704
3352,6670,1186
2962,3822,0800
8992,7224,1534
2501,3862,5771
9773,3788,4510
7299,5827,5606
5094,9727,0927
8059,1848,3653
4156,7742,7387
7377,4317,0789
6937,7854,2670
7630,6567,5950
8062,7510,8247
9845,6485,4061
3841,8823,6814
3887,6586,1263
7316,1297,7842
2802,5333,7815
1268,1009,4391
9061,9699,1850
4819,2021,6298
4455,0883,1752
2182,5645,5241
0168,3858,0223
4936,9240,9584
1454,7530,2299
2945,5920,9039
0499,2349,4809
5796,3637,1586
0807,7100,4975
1309,8046,8802
6351,9391,6126
6001,6743,4324
5114,0377,9767
2028,8900,9581
0355,6124,9125
6814,5712,8064
6974,3049,8761
5202,3113,4021
2748,1835,5034
6171,8411,7962
8439,0794,4069
5815,0781,4440
4300,6339,1944
7438,0314,2993
6428,2990,1388
7955,2565,9386
5350,7894,1939
0794,2533,2590
9857,0905,9343
4130,5869,7957
2357,6119,6547
0707,2024,1113
4942,7010,1426
8376,9749,5227
0946,3820,7798
9100,3103,7729
2287,0675,7474
1501,1592,7023
6529,5840,9627
4816,2235,0796
2519,5506,6275
3346,9091,7161
1342,6765,7869
6856,8559,9561
4069,0279,7327
0751,5449,3901
5801,1717,8788
7129,0630,3135
3703,6499,2707
5301,5571,6548
8546,7961,7256
6250,0841,0709
9377,8477,3893
7521,0897,0507
4642,3272,0387
4231,8147,8231
3237,9806,2235
6835,3504,2237
7774,6150,3076
5175,1606,8675
9707,6156,0811
5286,9528,7496
2765,0250,0712
8010,2942,1268
5632,8050,3773
6529,0025,3915
5950,8344,4219
8974,0802,1217
7021,8093,1736
0981,6830,2829
5850,0762,4048
0647,4785,0907
4215,6375,6007
4267,4935,5578
2229,6135,8578
9369,6955,9255
5075,1670,3227
3325,8978,5683
3337,6421,7935
3875,5238,5316
7340,0634,6802
0395,8335,5883
8068,1813,5202
4779,9669,0798
5504,3801,6328
0042,6685,6885
2439,7508,5255
4932,7287,3470
5956,3824,0962
4191,3404,0558
2087,2342,9778
5127,7381,2594
3655,7564,7110
2528,5323,2939
1444,6205,0010
6754,8851,4897
5771,2495,3939
4089,8436,5340
5090,5555,2466
1297,1586,4629
5008,4705,5712
1378,6485,5016
5338,9351,6100
9697,9185,0092
2340,7160,3032
6966,2772,0849
4533,6593,2571
2052,7842,6361
2954,8880,9479
2917,3314,0052
2064,6948,4684
1811,3575,2825
1832,8532,0563
4053,4302,2264
1434,3476,4826
2164,7459,8371
7541,1834,5342
3919,6751,3382
3797,1714,4358
7656,0144,7520
9540,0778,4686
7708,6862,6350
6231,1007,2431
8852,3809,6084
3923,8111,2747
3677,7894,9709
9632,9684,9957
6374,1304,6221
2940,5886,2506
5558,2147,0152
3220,3579,2497
3322,5122,4695
9767,3830,8154
3246,9270,8597
6047,4029,1941
4775,9359,7246
5029,7955,6305
7988,2722,9652
6107,5538,5340
9202,3303,0221
1460,9148,4850
0495,3003,7248
8485,0723,0370
8048,1848,4085
6695,9847,5061
5446,8634,9381
0393,2146,4423
5304,1395,1155
3545,5715,6169
5535,6069,3936
2746,5477,4820
7326,3895,4261
6805,8423,0586
1014,8560,8078
1666,2849,1401
7667,7350,8237
8693,3251,6606
4598,9339,7839
8580,7850,0932
4911,9287,5003
8960,9125,6101
5092,7686,9484
2142,1029,2900
4292,6424,4424
3685,5397,7857
9380,8477,9979
9352,0685,7803
7574,7377,7223
1203,0770,1984
8354,5912,6525
8747,0762,7590
1111,5007,4932
8460,4642,3407
0591,2190,6776
3003,2294,8189
4149,3400,7133
8619,0589,0073
2901,3904,8101
5925,4105,1874
8404,9782,7619
2144,4650,2520
5947,9237,1655
1840,5750,0048
6795,3086,6177
0717,0621,8653
9721,3276,3964
5843,2139,8995
1300,8775,8709
2984,7605,5298
0776,0520,1242
5055,4913,6898
1527,3069,6553
0441,7565,3903
0560,0674,5837
0753,5904,3645
8192,1550,4398
6521,3200,9620
9777,3886,2307
7674,9890,6082
7204,9633,2551
1996,0472,2328
4448,6598,7452
7873,4598,8426
2278,5546,5946
3622,0122,4977
4681,5442,4804
2429,9253,7221
6757,6169,0347
6879,4838,9897
3947,7723,3837
8184,1269,8301
5202,6962,2747
2452,7703,2203
8498,3773,6576
6663,9623,3678
4686,0059,7266
8831,0271,1546
6473,1642,0773
7734,6151,1687
5433,8768,7912
0340,0451,9971
6886,3114,7711
7747,0816,5069
3798,1044,7247
9735,2876,2399
4590,1232,1776
5145,0529,7968
8522,1162,1146
3683,9315,4031
7527,9676,4742
6722,4429,0648
1215,3238,6025
0043,7316,3338
0839,1610,0082
6412,5469,5740
3874,4942,0667
2763,9364,0920
5610,0580,6240
3134,9506,4538
7607,8618,7922
6103,0700,2961
2040,9786,9323
5398,1704,5232
7892,7427,9770
1628,0677,7679
4367,5830,9639
5763,4594,1723
8889,9620,6108
8369,6668,2544
4846,8370,4894
3688,7892,9284
6773,3365,7673
7125,1158,0613
3985,0797,1280
3269,1950,0307
1138,4255,7471
2039,6876,1101
9231,8512,1820
5321,9601,7687
2444,0022,3199
1011,8916,6875
6589,4967,4971
3156,5229,1636
4166,4236,0252
6066,0169,6894
6069,1907,3732
3100,0138,5965
9382,2138,1313
6882,6742,4691
7173,9803,4371
6898,8635,6360
7075,9430,9010
2355,7863,7566
7406,6123,1031
1582,5111,4093
7755,5180,7668
1745,3542,9880
6919,4810,0226
0151,2143,9969
9172,4655,5065
7429,6428,9201
9037,2418,9284
5063,1767,2665
2435,0173,1831
3422,0647,8516
6038,4233,3269
4682,6229,1761
8374,4769,5513
1264,0729,4181
7103,4298,1552
6588,3393,5991
9504,4703,2716
9536,9061,9105
3188,9341,0242
1711,5489,8310
3302,4440,9462
9525,6364,3986
3528,5301,8462
9440,5206,3422
8342,3629,9722
2401,9337,3644
4192,2972,1834
8411,2779,7929
1638,4015,9430
4914,8235,3066
7011,8500,8623
3148,8478,1010
7333,5025,4466
5357,3908,1849
1584,8300,0739
5650,2956,6445
9338,3390,6413
0186,1496,1021
5110,3587,6331
0476,0940,3851
4859,2004,7899
2031,1867,5596
2876,3120,3611
1807,2943,4301
7529,8477,4720
7170,4415,6668
4585,4879,4862
2322,8816,6075
5241,3461,2904
9563,3292,6309
4784,8524,0689
1365,2190,7846
4944,6049,6918
0704,2289,1931
2260,3143,8103
6039,1864,5725
1546,3310,2423
4407,8299,0835
2032,7552,4674
3679,6507,3950
6808,0132,9768
4472,8532,7840
0306,0333,7590
2929,2792,4849
2622,4168,2553
8349,2008,6331
5504,4623,9630
1319,6672,3083
9187,5278,4516
8569,0819,6224
3751,0561,5693
1626,3257,7732
3760,3166,1647
1000,3128,4358
6318,0399,1489
8556,3416,4564
3353,3184,8993
0174,6355,2461
0009,1708,9022
9083,7139,1575
2235,3931,4611
8369,0569,6331
3384,8212,6346
4835,4138,0799
8359,5619,5941
0877,7311,2985
6618,0327,2116
0438,6045,3711
5570,3082,8914
3732,5846,7040
4770,4200,8643
2342,9216,3505
6831,2571,3266
6511,0410,6117
5751,5180,1055
6220,3663,7291
8245,0124,5298
2000,5168,6569
4097,9545,5849
9926,3645,5566
6721,9483,1038
5180,5042,0578
5112,3374,0125
2140,7596,8264
7884,3019,2692
7265,8099,7803
2764,2991,1296
8967,1529,2079
9751,9616,0148
2084,0680,8728
3127,8469,4413
7567,2604,7930
4537,1865,4118
3723,7133,4804
7095,6810,4835
0509,5957,8704
6958,5483,7407
4871,1143,5619
0066,3938,7234
9382,4050,5499
7579,8345,2682
6264,5570,7028
3312,1552,2295
0040,0840,7478
8653,3721,5827
3090,9107,1324
6771,4835,9313
3015,7336,0897
3877,3496,8274
4137,2272,4963
3618,5607,9522
6820,8701,2852
1063,4876,2560
1487,6896,7350
5371,3128,4539
9652,1668,2085
9023,1799,7305
1425,2219,5150
0389,4092,3770
4239,6784,7266
1034,0069,1106
5835,4978,5831
7373,9673,7435
0366,6439,4588
9046,7110,9073
7376,7907,8560
9395,2340,7530
3000,2866,3083
8213,8831,1652
7640,6060,3539
6962,3286,7731
4669,8871,2858
6124,1000,1619
1741,5183,6159
3942,0807,8479
2251,9192,7213
8699,7013,5639
0745,4082,1690
1990,2779,5317
1552,1861,9650
8070,1902,2567
9574,4059,1284
2090,7086,4886
5892,7320,0880
6153,7661,5536
6731,2484,0552
7549,1468,5545
0730,0747,6993
0930,4805,6459
2104,8207,0555
4638,9977,5426
0864,8620,4490
2373,4756,6376
1567,2656,7056
4128,6058,6369
9129,0092,1647
8578,7144,9810
1372,0000,2874
7221,1240,6092
5675,5036,5133
0578,3594,8164
3472,9983,2755
1132,8660,2453
2854,5940,9631
3596,9009,5005
1246,8730,3954
8689,0892,9716
9054,7573,7432
1813,5536,4874
7110,6903,4623
2353,5320,1665
2087,6490,1941
1906,6315,7217
0303,5278,4808
8480,3300,7986
6357,5579,0927
8434,8393,9102
7190,4906,1455
6070,6038,0153
6291,4151,6712
5547,8634,8131
2002,0297,9083
7987,2189,7699
2724,9542,2866
6100,3242,0967
9388,2486,5731
1250,3599,2364
4300,6819,3430
6977,0341,4901
3241,6281,0938
8108,5331,3231
1372,8912,6993
1373,3528,1574
0148,5996,2518
9732,5746,9628
9908,7694,0926
5110,6319,1886
6732,6434,7761
7211,3073,4619
9759,2838,6633
7058,8724,7944
7019,5147,9180
3306,9086,5661
6101,0170,1281
9901,8921,6057
4291,9752,6532
6473,2682,1123
6879,3211,0273
2031,8044,8785
3530,1412,0349
0087,4100,0191
3020,4658,9044
1881,1918,9156
6033,4610,1612
4342,3789,2139
1211,6495,4261
1666,1042,7478
0142,8827,1850
6503,1868,1988
4033,4635,2633
5388,1857,1320
1096,5015,9060
9015,8008,9390
2137,0295,8103
3032,4905,7498
5742,0261,5237
5668,6008,0934
9677,0644,7285
0387,0024,8329
7459,9969,6927
4520,9883,9594
3984,9352,8227
1967,2476,2612
1558,2273,0914
7273,8815,0730
2276,6047,3746
2751,1729,8413
2768,2473,9362
9101,4611,7094
2161,2937,8851
9113,2690,2722
3221,2435,2311
6900,9785,1416
1440,2885,2837
0960,9413,1469
0705,0205,2267
5019,9544,4543
3364,7758,9412
7433,2093,8096
5330,1812,3743
1066,3611,2032
5871,9493,8014
9301,5630,6546
5701,4233,1293
2942,2723,6255
9904,8474,5808
6892,2329,3376
0910,1582,7010
3551,6680,4127
9447,8682,2787
5929,0427,6344
5329,0960,5540
1260,3285,1628
8527,5997,8628
0023,1560,5128
0941,8297,3432
8512,0177,5467
0992,5894,2180
7999,7288,6682
6423,5209,6859
3992,9460,6883
2662,8757,4588
8690,6274,6884
5108,4067,6025
6164,5284,8473
1182,9034,3668
5332,7422,0671
8195,2033,5401
8774,0113,0354
6402,2308,4586
5375,5183,5461
7880,6242,5155
8554,2075,5085
6262,3977,5165
3059,5209,8770
1215,0893,7506
7510,1499,6789
5069,9149,0912
4367,1136,6164
5279,0803,4603
0840,8919,2365
5464,3803,5360
6369,0073,0413
4952,8588,3615
1694,2609,6412
8400,9960,3303
4207,7749,7251
5553,7405,8357
6576,6736,9434
9050,7612,9102
2428,6096,1099
8825,7261,6241
7633,2339,2335
3074,3615,8184
2486,4723,4396
0056,6455,2983
0883,0524,6724
6983,0615,1930
8009,6193,7664
2261,0764,9036
7111,2628,6254
4875,3286,6097
2582,7729,4104
7403,6347,5881
2523,0534,5415
3741,4027,6387
1551,1665,9823
1448,2403,6850
8613,5139,2694
6206,6035,6801
7972,8482,0178
2723,7695,7047
2900,0973,4291
2784,1965,2934
2799,0503,0471
3124,2266,9060
2871,3757,7989
8390,8811,7286
1020,6929,1063
6305,7937,6552
6354,6626,5698
0913,0683,7518
9607,3640,3726
4915,9447,6956
5692,2080,5102
0019,8347,8224
0682,6377,6015
1237,4090,2506
1737,7393,8042
8269,3319,7135
3776,4132,9458
5163,4575,0329
8865,8656,8384
3835,5026,3709
9565,3366,0980
4011,1257,1758
2359,3245,5211
5298,9814,8606
7761,5065,6656
6545,5850,7608
6303,6506,4094
8533,6085,9965
4797,5294,1419
8827,9193,0454
2589,8406,9143
9684,1196,1069
9360,4180,6341
0194,2711,4589
9612,7498,3090
3069,5401,8006
3802,6085,0393
5818,0180,9125
9729,4956,8336
2993,0352,5076
1772,1234,4532
0637,1845,1312
8050,7136,3500
2123,5968,9888
4008,4662,0423
0792,2472,8720
0684,3365,5150
5421,2398,9306
2242,6631,4826
7788,7113,8196
6765,0259,3234
8255,1400,7629
9869,4170,5806
0241,0395,9370
8944,1923,6397
0762,7650,7299
5467,0686,1687
9595,8094,3051
4904,2724,4046
9458,6146,6003
3442,1943,6923
0053,9081,8416
3434,2532,4888
6103,9290,1979
3777,4550,3722
4546,3962,0157
1896,1077,0338
8894,1641,5647
3697,0053,2314
1991,1478,3446
6249,7775,1822
3274,2926,6930
6419,1798,0916
4958,8576,5662
9879,2323,5994
6172,5900,8987
3728,7326,9455
2484,6285,2682
4354,2568,8848
5336,1629,7334
4299,9399,1824
3736,1927,1829
1923,0869,9475
0132,7855,2211
3161,4805,6335
2961,9093,5149
9224,9626,1024
5960,8906,8279
0479,0079,6677
2992,3834,2350
9129,3723,7086
9650,9393,5894
7908,7369,4443
3200,5842,8822
8046,3454,3995
7653,6252,5484
1419,6428,3455
6542,0340,3617
9612,8377,6832
6582,0231,8150
8695,3408,1951
6106,4713,6796
7041,0246,1036
3856,2105,8564
7915,5512,8078
4294,1972,7194
8618,5566,3827
8528,8527,0916
2926,8598,2979
2780,0396,8152
4904,0913,2090
9466,2571,0689
3659,4282,9682
4839,8346,9688
4913,8844,3142
6944,9951,5713
8834,3179,5183
8508,9038,4420
5249,8913,6927
0468,2674,0874
3132,9570,0345
4139,2186,6299
5843,1225,0567
8146,7384,8950
6015,6629,5995
9229,0464,0473
1975,3404,9708
2880,9019,3447
3486,1853,0348
5538,6400,0270
6229,0513,5947
0940,1758,8719
4069,6813,0735
3900,8283,4510
6393,2347,5834
6668,8928,2874
2577,3833,3730
3876,4074,2048
0822,8561,1549
5504,8189,6784
8396,5351,1194
3087,6029,1492
2380,0160,4139
8677,4655,9880
1843,6319,7761
8316,8467,7648
1761,5301,7985
8996,2907,7082
1174,5570,5523
3755,6150,3464
3757,5324,0108
0387,7092,7566
2193,4377,0298
1517,6861,7078
2678,5191,2616
4239,3837,1302
1361,1210,4165
7635,0086,5937
2698,3972,6271
8940,7870,1905
0787,1983,1816
8066,1404,3227
5778,5958,0680
1031,9239,8893
9808,9095,3916
8465,5504,3050
2192,9976,2827
6202,9036,4046
3853,1583,0415
5677,1293,3486
4365,8289,5092
7103,2234,4909
0321,4690,1947
1656,7021,1539
8270,0987,6628
9309,7635,3787
5293,5508,7598
8986,0349,2224
2387,1051,4253
0636,4352,1350
1384,7946,7565
1246,9716,7195
0687,6321,5531
5659,9559,6660
9636,9269,6617
0198,5610,8178
2297,6954,2195
1388,5092,1516
2915,8290,7999
5868,7885,2040
4153,3178,5231
2036,9557,6580
2647,8209,8464
1832,3558,8794
0482,0848,8577
2838,2675,9915
6098,6291,3886
0684,0602,1123
7115,1295,9860
5517,4665,8028
4828,0764,7424
7968,5426,3411
4096,5108,4056
9518,5996,1794
3916,1162,4589
7060,9033,6446
4699,8555,2892
9752,5459,3572
5179,5877,6577
5012,0304,0387
5953,6908,8444
0533,9132,7290
5509,6932,7780
5635,8989,7236
1659,8030,5955
8241,9294,8710
7820,8522,6044
9189,2809,7580
1094,1947,4291
3076,4073,0493
9539,1657,6913
8298,4807,4732
8780,9455,8427
9314,1624,1766
7905,5015,4484
3408,7990,2030
5243,0271,5789
1203,7938,9454
9565,9750,0103
4004,3102,3232
6006,2450,1558
5022,8111,9754
3206,7901,4005
5692,0949,4434
5002,9193,9221
9920,4575,7270
3231,2677,5217
1611,1226,8186
2511,6145,6878
7224,7351,1268
1303,5843,0719
7938,6970,5757
1495,9701,1524
2034,3552,8716
9314,1839,0916
5074,2657,2420
7903,3975,8037
0270,7483,6732
9734,0346,0082
1263,1194,2403
4089,0877,7690
3453,0902,6665
7364,1379,7083
4895,3714,4452
4462,4897,8340
7811,5499,1785
8392,7262,3338
3592,4783,2733
5295,8165,2481
0598,2221,3265
3319,3236,3210
4196,4076,7904
1080,5248,4171
3581,9037,2427
7486,3697,4047
6911,6266,8990
1270,7209,2594
9316,3206,8595
5853,7416,6557
6819,7605,9865
2105,7980,6043
7192,9413,5359
1990,6599,8504
8687,8916,0574
0765,0784,3507
7214,4678,6694
8058,6478,7959
4899,2259,4274
7329,1872,1516
5011,5106,9243
1838,2160,7439
1749,1876,2671
1707,4268,6132
0876,7960,3129
3857,2326,3057
0959,8109,6938
6822,1214,9678
2807,3039,1548
2001,4092,9661
9110,1353,7920
7288,0070,9373
6857,8042,4509
2992,5902,6893
4699,2100,2850
6410,7202,0195
5873,4772,6466
4374,9767,8417
9047,5160,9252
2710,0928,8984
6508,3143,6058
8873,0839,3912
0895,6530,1577
0721,6548,7548
8667,7673,6433
0590,1046,1311
1124,9117,1832
2027,1096,5807
1098,2111,3384
0154,4939,5376
3751,9614,3144
8121,4071,9491
3570,1753,9256
5178,7340,8239
1072,7466,8218
6126,3260,2192
9694,0509,3790
1041,6731,9500
7485,3857,3936
4283,9229,7579
9597,8985,3002
2276,2732,0470
4972,6219,4474
9607,1962,6045
1023,7237,4867
8191,1067,5789
8447,7886,8064
6933,0636,0885
5411,1126,1311
5688,7576,5475
4450,4928,3184
6964,3306,2244
5326,9596,5899
1081,6254,3725
2980,1206,5163
2139,8360,6196
2237,3926,9126
8101,4210,4173
6966,5257,5022
4629,4986,9663
6846,0748,6461
0127,1620,5933
2201,0107,5938
6930,9775,8079
7036,9013,1637
9140,0522,6535
7473,4146,8365
0032,2617,1420
1046,9113,3073
4878,2209,0555
7276,3920,9211
9403,3139,5594
6157,5159,8275
2878,5347,4967
0252,7871,0772
4511,2015,6853
8829,3626,2103
2559,1634,8458
4222,6444,3887
1492,4369,0463
8411,9707,1058
4326,2552,6151
3782,2297,2073
0153,4499,0220
7200,3528,8169
7297,7997,4432
0566,9260,0601
4356,1991,2225
7300,2699,4851
0313,3489,0137
8851,7081,8399
3155,4701,0378
2588,5514,9161
2421,2020,9545
7149,8375,1438
3052,7739,0479
4707,0380,7092
9888,1208,6694
7923,3238,9302
1132,5492,8235
5294,5368,3860
5994,1290,2475
2975,0382,6677
6606,9747,4880
8861,4746,8877
7129,1265,8746
3746,8965,2683
6365,2818,9999
1990,0296,4458
3548,5543,4002
7418,2559,4258
4073,6434,5434
0595,3020,3709
6476,9682,4458
5124,7824,8654
0919,9153,9102
1703,9328,7672
9317,9169,9501
7264,4160,4556
6393,3458,5652
1990,9600,9160
9831,8607,5849
7461,9549,0525
1764,6664,4645
0674,0178,1925
8345,8684,6312
3048,7835,2010
0195,9152,7174
2875,4157,1285
1732,7497,6951
6636,0482,6060
8188,7808,8999
0647,6285,9770
5587,4833,9290
3861,0976,3738
0769,0615,5764
8542,1217,2403
3841,5629,4421
4537,6028,9350
2416,8651,3057
0953,9333,2389
7999,1816,6640
3216,5310,1568
0259,9026,6303
2930,4344,7739
3128,4804,9204
2011,5810,1789
4652,9944,0636
1779,6227,1388
5223,7372,8673
2258,7499,6965
1896,3665,2736
1677,5972,7752
4853,1634,0918
3645,4903,5200
8748,2282,6129
5602,0754,8051
0331,2843,5646
0609,9362,9967
9914,7027,2098
6608,7476,8171
0250,7853,7484
7739,2951,2745
9481,6498,5639
3522,9162,2215
6420,6829,4131
6693,4027,0026
6890,2314,4202
7814,8584,3828
7992,1700,8206
4808,0748,5387
3570,7573,3582
6443,8701,4505
9995,7048,2729
2238,8974,2056
3025,7661,2904
8427,7297,0726
3784,3755,1625
6734,6286,5913
6880,2146,0644
6538,0345,1439
4427,3485,5620
4562,9716,2014
5697,6431,7856
8903,6030,4977
8356,7556,5294
6369,8253,8732
8039,1995,6091
5548,1925,3925
9934,3496,5153
3450,4189,8542
6209,3833,5490
0022,6390,3820
2373,2002,5617
7200,2788,7383
7941,6300,3979
5778,3779,4073
9117,1820,6614
2159,7459,7695
8652,5301,7503
2535,1418,7149
5414,3959,2957
6310,7705,0806
8799,5092,5032
6657,0749,6754
9525,1367,1169
9903,3968,8715
9152,2383,7455
7925,4942,3042
5575,8209,9098
4072,2268,0390
2443,8805,4716
1322,4626,4646
9439,6324,6886
9246,2213,2762
1333,5870,6253
8680,5742,9751
0828,3996,7082
3596,0764,1729
1578,8335,2349
1802,0947,8637
3972,0013,9327
6941,4310,4795
4525,9943,9364
7399,6244,9462
9690,0803,2642
9606,8461,5146
9987,1842,9278
8085,2827,6192
6060,8716,3277
3096,9575,5857
1252,7456,2918
5953,7633,5290
2533,3300,8859
7076,5301,8244
8315,2098,8874
5080,4313,3355
0858,9387,5659
3791,2222,6606
2567,5338,1834
3316,0424,0591
9454,9883,5433
3021,5698,6197
9962,4285,8454
5714,5303,9036
9140,2158,9451
6627,1941,2755
3238,4878,1277
3513,7408,0394
2819,3916,6536
5166,7644,5312
4012,4521,5236
8528,3163,4293
3075,7224,9037
1449,5428,7075
2225,3046,8560
3228,5320,5675
4400,6783,6599
9947,7741,5107
6133,3050,6543
7350,0527,7125
2964,3524,3030
4339,9933,8996
3991,9872,5718
4524,9620,6767
4759,1693,4887
9427,5750,3337
0634,9750,4177
0394,7413,3474
8182,4925,5878
4689,1464,0687
4999,5814,4260
6730,5326,8279
3447,2929,9336
2617,2540,1219
6725,6135,6844
8803,2490,9369
7976,9070,9537
3183,4393,2416
3107,2728,4021
1905,7975,9161
2875,3644,4716
5758,7223,0474
7746,4511,9484
9331,1853,8815
4548,9159,6566
2635,8410,9581
5009,7152,9845
1201,7759,2714
5119,9328,3839
0829,9701,2398
6358,1422,6946
9736,9859,1347
7392,6727,7162
6004,5767,9144
0780,2675,8747
9300,4426,0771
9897,2666,5044
1678,3412,2555
3797,4928,7026
0690,1711,1976
2577,0404,4259
0590,3797,8816
2987,8942,0200
6124,1984,7023
2023,1932,1354
7742,5369,3886
3996,8307,3798
1415,7914,6843
4090,6363,0473
8759,6981,0504
8903,8046,3059
0490,4692,5836
3856,6891,0272
4905,4152,4545
0818,5447,9036
6147,6132,1799
1631,3810,3440
7078,1989,7993
1900,8629,2365
5126,4977,6811
2863,9546,6097
4343,3133,8465
8788,8041,1163
3599,8022,7919
3303,2983,7791
9236,2852,6794
3140,8582,4019
9519,3489,6237
9358,2944,3664
3525,7140,2445
3609,2520,6171
5831,5117,2986
0000,5114,6623
6525,7248,7635
7995,9859,1075
3133,7374,6802
2180,3643,2024
9356,0813,9728
1570,8719,4217
4493,8720,3834
9408,2340,1818
5483,6572,8899
4837,0232,2451
1276,5310,2451
5509,0130,2032
8375,5461,0107
1286,3551,9958
4597,7013,1494
7381,3448,9953
7222,7547,5586
3583,8047,0402
5784,5154,2707
2175,6966,2832
9995,7425,4058
8953,5500,8041
3003,0341,9906
8199,4215,1831
3101,9748,9484
7629,9195,4631
1519,8172,8497
0459,2185,1647
3084,2037,9008
1546,1527,9920
3768,7302,6966
8880,2338,4876
6762,5090,0224
2645,1930,0776
8137,5869,0295
8555,3154,7350
5394,9687,0622
0125,9843,5126
6205,4853,3505
4109,0775,3894
2989,0715,0035
1047,8084,6064
5281,5643,5402
4205,6747,2223
2449,1176,5680
4228,0306,3587
4707,2074,2691
7547,7420,3125
9076,4853,3224
1420,5920,4490
4250,4038,8324
0633,5371,5834
6734,6625,9000
3657,4127,9328
6053,7351,5817
4359,8344,2101
0951,7374,0240
5798,8872,7446
8332,9903,8093
9339,0366,4817
0122,8268,6375
2187,5328,2701
9402,1142,1387
3795,2859,8697
6399,3996,2559
3252,2937,1093
7094,2150,7752
2151,1706,8315
8442,6592,4362
5777,8041,1905
6943,9948,0225
2078,9376,3379
9223,7844,9641
6077,0843,6747
2091,7154,1922
6270,7083,3938
8243,8367,5762
4216,3283,9461
3347,3661,2312
2112,0317,2864
7399,4281,5515
3855,2033,4220
9466,1030,8724
2209,5473,0629
7909,7064,1427
4362,5466,7430
5809,2273,6564
9030,4300,0121
5092,2003,6899
3845,5160,5775
7186,0928,0476
8048,9769,0950
6235,2550,8258
4396,1387,3669
9180,8902,5851
2296,1475,7410
8429,2691,5719
0841,6049,7235
9424,0250,8336
7482,1064,3200
3744,2978,5306
7483,0948,2200
5691,2515,3139
7179,5098,8463
3800,1493,6239
0769,8130,3306
9772,4896,3158
1262,3872,8638
9495,8039,3554
1239,1325,6612
9641,1381,8581
6614,7118,7871
6981,8795,5003
8796,9883,3466
3459,0999,7530
4837,2970,7778
7563,4838,1797
0369,8244,8132
4829,7601,8422
2676,3193,0889
0944,7508,0332
3816,9227,8780
0145,0508,5880
1840,9172,9321
1393,0418,1614
7139,3482,0548
4095,9330,4430
6759,0776,7431
5708,1779,2677
0810,3487,0552
7307,6750,1459
9189,2297,2783
2177,2704,8761
9185,6575,9465
4208,1744,5819
0717,3364,8660
0739,6667,1770
6233,4614,6917
8896,0969,4977
3832,4302,0987
5623,9301,3925
7905,5230,7190
5279,4710,6610
4593,1260,9986
9725,7224,7964
2408,2708,5053
3340,3761,0883
9469,5214,8484
0766,4904,8431
3228,3344,1296
7329,8043,7339
9592,8053,5385
0208,7904,8800
3617,2442,3551
9286,8888,9993
8245,1506,2496
2889,1381,3471
3216,0541,3823
0500,5216,9229
0208,9275,3270
1773,9382,8672
4861,3546,3988
4763,9005,7171
4895,8415,0056
8560,5380,1710
0686,4099,3213
7548,3197,9932
0515,3573,1899
4614,4738,4240
3784,2260,4922
1862,7629,5541
5847,2153,7210
1254,5415,8772
5357,8928,0657
1761,2868,4056
3614,1643,3057
0778,0095,8503
2402,7784,4768
1146,1372,3276
6810,9636,1830
7678,1717,2968
3504,8725,0881
1350,5510,8354
2242,9034,0338
1100,8977,8729
0309,5563,0351
6948,6648,2157
1398,0548,2699
4921,2315,1689
0147,9003,7689
8098,3142,0306
8152,3409,3624
3054,6470,5865
7430,1013,5943
5965,0175,2594
6793,5653,7873
6219,0648,0636
3506,5544,2713
3017,9379,0260
8144,1630,8297
4943,5672,9883
9104,2335,8139
3127,9893,6736
7152,4975,6537
0161,8450,7250
5587,4073,7558
5148,7447,8729
3804,8040,7418
4828,1351,3983
6258,0582,3407
7861,1007,7724
5792,1579,3886
3992,0277,1046
2615,5396,8198
2566,0297,5735
6718,8409,0180
1122,0706,1098
4958,8388,4361
9140,5500,1497
0804,0625,1135
7744,2971,5096
9396,9422,9840
0114,4740,4851
6402,4784,2368
4844,6658,2044
5096,1839,0289
5748,0507,9836
1338,8327,6382
1119,8812,1493
5968,4453,2638
2344,5271,2616
2034,1412,6588
1063,1647,7734
8324,6120,5062
1825,6803,9452
0215,9234,2445
3454,6198,2495
5331,4639,0357
7081,2271,7565
2975,9761,9283
6965,8301,4697
7014,1906,4046
5753,4698,5097
6102,6610,1120
0787,2933,4710
1335,3067,3508
3397,0686,2900
0189,1571,4089
5779,6201,0126
8701,8476,3552
0821,5080,9133
8849,2534,1812
8338,2264,2552
5279,6628,7945
2161,7045,4390
9054,1925,0840
9114,4610,5150
2199,7641,0801
8767,8091,2955
6508,9578,8463
5804,1756,5499
8491,0964,2254
4103,5904,7962
8469,7810,7563
4962,4201,6764
6047,4046,8707
4603,9458,2103
1139,4504,9375
9506,6857,0951
3291,1869,2331
5832,0665,1175
6032,2167,7583
4506,8883,1949
8749,3718,9083
0064,9001,2665
9824,5754,7395
4312,7544,6140
6776,8380,3420
8746,6508,1552
4638,7468,6364
3180,8237,6436
8235,9985,1927
7536,3447,3492
7092,1618,0958
1887,6024,4563
3866,0339,0253
9041,3550,4694
6826,4578,1103
8120,9492,1203
1886,9137,8549
1088,8609,2199
2243,9174,4751
1793,5825,9287
5607,3685,1628
5835,9003,8922
4045,4467,6872
6203,3880,2238
4063,8349,1542
1205,8480,2170
6092,2448,3399
1996,6978,3630
7458,5968,5375
2191,0009,4212
2515,3230,9174
4817,6858,1835
2571,1385,4762
5036,4380,2274
7497,3952,4010
2675,9296,4086
1814,0256,1588
4186,5970,7724
4267,9489,0186
8260,5080,8241
5837,6615,2361
9353,2642,2415
5677,1077,0740
8068,4712,4936
3919,7501,2551
4672,1494,6532
9412,7559,4129
4551,7369,0614
7740,1248,3407
2549,3952,6268
9825,5917,2744
0529,0261,8758
1824,0988,3397
9585,5631,7748
1930,8383,2400
2898,6221,0901
8522,7739,1552
6289,3906,0444
6089,5512,0252
9463,9232,8554
7785,5895,6191
6112,5471,7822
3118,1492,1265
6004,3901,0097
8997,8901,0917
1388,0671,7542
9174,4216,1793
3632,0000,1479
4438,8790,3417
3066,0785,5974
4942,6029,4401
9276,5331,8379
6297,6733,8470
0470,4269,3947
6321,9664,4112
9670,8124,2070
3475,7504,3266
6597,7482,8857
5727,6560,9337
6939,5510,2206
2149,4017,1490
2994,2404,6523
6309,9233,4844
3828,1349,5570
1092,4591,2368
0603,8741,5015
0543,9256,3107
0553,2022,2867
2497,0900,6765
5814,2497,8955
2432,3518,5849
8558,3937,6880
5921,8185,3409
6706,2574,3090
3510,8846,7042
4140,2668,9353
4267,1933,9919
2394,3480,8757
8428,3918,2997
8318,1332,1533
1904,5814,5513
9535,5805,8717
9282,9686,7759
8824,3109,5249
9821,4782,9540
6834,5387,5379
7242,8529,8592
9432,3129,6765
0266,7402,3629
8902,0052,0347
6395,4189,9290
1573,7300,8459
1408,3774,3600
3365,7042,3086
0332,5580,6460
9921,2444,1811
6888,6323,2102
5474,2891,7643
9783,5525,8120
1075,8944,4668
3724,8756,1512
8488,3099,4988
1818,1552,9248
0063,4129,6240
1897,3366,4608
2264,3154,8214
3243,7314,7757
8927,1974,9455
3688,1379,5657
1419,2006,4334
6104,6752,1312
3333,4840,8177
8520,3072,3996
1593,4002,6840
3843,0402,3317
4389,5958,5312
2448,1440,7123
5141,6269,4584
0696,3821,4131
9847,6144,1227
5417,2223,8855
7127,6200,4422
7775,9140,8932
8941,9530,8946
7996,9739,8158
8748,3775,3376
8644,8892,3587
4517,7750,9175
2047,7696,3388
5871,5397,7452
1010,0375,9567
5998,2266,3431
4775,5004,9504
0558,1839,7120
6778,8440,9621
9448,6910,1750
1559,8458,3256
6999,6686,9702
8086,1509,2988
0623,4081,1636
5503,4665,3064
1375,3918,4205
3496,6071,9453
5456,4012,2481
3556,8162,3324
3467,6492,0221
4978,8731,8373
8316,4917,4015
6021,1364,4529
8579,6742,4030
7604,2195,5535
7410,6780,2365
4862,8240,3478
6703,3565,2626
0669,8376,5683
3111,6306,2843
5492,8220,7281
9430,2472,1073
3620,1227,2705
4535,0298,6856
8180,4084,9358
1123,4451,6645
4425,5914,1877
8163,4654,5352
9639,6027,9622
7477,7371,4387
7508,7989,5177
3142,8140,0147
6777,0370,0622
9833,3856,8514
1510,4365,6184
8403,1980,5490
2895,3572,9580
1109,7796,6815
3712,8343,2699
8386,2510,8191
2180,1819,7538
3129,1828,6744
0236,4177,5845
1156,3013,8431
6642,3277,2169
1036,9532,8461
9633,7438,0763
9577,5635,6866
5428,9118,6714
8092,6528,9696
1791,1980,9008
5806,9830,7006
1198,1180,3808
3245,9611,8190
8355,2610,8826
1809,6172,9073
3817,0214,1874
1018,0569,6723
4244,4694,7011
2668,8305,5841
6291,4091,8016
0439,8490,1895
9118,9936,3234
2968,3013,7599
5104,4110,0209
3538,7375,4961
8265,0277,9369
3636,4855,8166
2106,9531,0846
5547,4027,1711
1967,1279,5294
8965,1872,4553
2568,3838,1097
9735,0180,2884
2680,6902,0861
2108,6551,7100
0428,7479,9852
4146,0400,9203
4716,5118,7455
9147,1789,2239
2613,1689,4671
3591,3252,4530
6147,1719,4767
8012,4053,1920
4115,7954,1138
1128,9609,5874
2870,9298,8617
6830,9859,7120
5181,8002,4704
2135,1714,9772
2264,8680,1589
0649,2287,2472
3762,9063,1378
5902,2527,7072
4253,4091,4556
7613,9295,2532
3859,9188,0413
9922,6104,9498
8063,1448,5045
7367,4193,1660
8026,4888,1641
5501,2139,3506
0622,9483,6638
1109,1646,4133
1431,0395,7481
2890,8025,4090
2822,7907,7014
7033,0119,0932
5915,2367,6881
8754,5041,9329
8992,9108,8530
0220,7714,0280
5276,9213,1895
4928,5974,9219
6476,2871,7531
9612,4044,5675
7007,8593,1479
1265,8599,7963
9814,6743,6722
0125,1563,8012
8251,3017,8038
1716,2066,1640
9585,6249,1174
6730,1787,7901
9687,4650,1327
8096,6576,5188
5166,7770,2841
8160,1410,9311
3222,8600,2168
4504,5314,0168
8659,9262,5716
6655,5504,3460
6482,8279,8662
4267,8623,4726
8534,6623,1423
6921,5146,9599
3839,1548,9468
7587,5667,1595
1697,8668,2162
4942,5384,8246
0719,4938,2329
2241,3864,7375
2780,1986,5749
3168,9297,9613
7372,1675,8584
1220,5287,5237
8878,1908,7136
7575,1535,8869
8878,3237,0699
3555,9800,4561
6618,2277,6395
6561,6079,6658
8980,2958,8890
2425,6957,8613
7049,4471,1049
1720,8819,8660
5728,7270,6901
1005,4094,1506
7993,4286,5770
4465,2513,7257
8761,5940,2887
8203,8094,7730
0680,8961,7883
4896,5237,9073
7496,2272,7101
7387,0675,6543
6890,6205,5376
9829,0772,7198
1299,8689,5895
1643,2089,5294
5567,4032,0890
8109,8560,6625
4240,3297,1992
0954,2071,3375
2090,6180,9868
1553,8967,6457
5086,0312,3088
7775,1447,4931
9549,6489,5258
3363,1913,7659
8945,9623,7482
5803,8780,9098
1115,8409,3017
5624,3338,7226
4845,7232,7534
8025,1460,5711
7232,7663,1535
8828,4959,6277
7024,2019,5613
7131,1655,7128
7225,0954,8071
3378,4954,4578
0880,4743,7702
6783,2343,7300
8743,7059,2592
7267,5451,1426
6634,5404,1711
0088,5996,0835
3168,1126,2062
2665,7889,2480
6032,2627,6749
8844,7312,9504
8928,4070,1184
7361,9180,2950
7915,0914,3099
9667,2178,8427
1407,1110,8403
9774,1602,2598
5197,2410,7036
0834,0690,9023
7150,9350,1612
9097,8971,3178
8322,2360,8179
3518,3916,7717
6394,4748,1942
7956,7247,3286
2882,2806,6538
0026,5098,9345
9651,4289,6745
7866,7062,6227
3413,1657,7964
2866,3466,8871
7148,0288,4669
4244,9331,4230
3581,4663,8543
5009,0220,1111
0872,2821,2972
5354,9869,1616
2566,9811,5356
6100,0760,5835
5309,8389,0752
4416,0962,3694
9241,0814,6964
1342,4738,5887
4669,8705,4304
9932,5128,0039
6159,7256,3837
3466,7917,1036
3567,6924,6282
3147,4825,7818
4039,9930,2399
3773,3868,0015
5913,4715,9434
5055,2792,4377
7752,8193,1594
1351,3349,6138
6120,8712,6739
3807,1634,3551
0146,2063,9771
8202,9644,8449
4408,8427,6282
0285,5766,1256
0283,7867,5979
5905,5398,6404
8439,8421,9939
1049,4191,8410
1161,4040,2907
2684,5977,2272
0149,2014,9448
9185,7863,7694
1032,2511,4303
0486,4508,2690
6933,1693,4633
6431,6411,4977
0597,9201,9406
6451,1281,5746
8686,3149,6248
4291,4718,7228
3321,2523,0805
6887,5587,7997
9123,4561,7472
8069,7154,2997
8635,2071,8062
9313,8065,4528
5045,0191,7111
0348,2077,3412
9942,1284,2819
7590,8521,4698
9457,3680,9947
3704,9925,2036
9940,4241,8904
1624,7030,1107
9802,5736,4875
3424,4955,4186
7871,9474,5480
0465,9007,2952
3554,2731,0978
2965,2879,3909
2415,7549,7320
7370,3486,7428
6768,7301,9163
7412,8794,2486
3734,9007,6881
6629,1151,5482
6139,5995,3475
3505,0070,2507
4625,3635,9038
3122,1651,5010
4316,2501,5890
6649,8273,7163
3177,1884,4765
3759,1339,8793
9787,4206,9569
5763,1657,1685
4431,4017,1130
3954,2657,3691
7284,9336,6637
9469,7320,2867
8266,0262,0449
9341,8074,1940
3545,2660,4299
3107,3114,1646
8235,5687,6577
4980,9120,3218
4459,4501,2064
7356,1955,5281
2473,1365,8311
4548,3451,9341
2346,8603,4231
1967,2344,3756
6697,2330,9568
3968,7088,4867
7219,6109,0054
2939,3151,6063
1830,8290,5903
3502,8005,9924
6079,3454,9173
6452,8404,7569
5918,0366,1436
3858,1867,5339
8745,3751,9889
8809,3455,0773
3115,3762,3325
7660,3802,2285
4834,9307,1666
6844,9323,6835
9175,7539,1733
9222,2899,2315
8814,3405,2454
7569,3535,3045
6203,8312,5977
7529,0295,5993
0782,3171,4554
8281,2936,8390
5018,3928,5888
9712,1481,0047
8695,7886,5557
3047,4031,7391
1131,9054,8593
4365,9372,1660
2221,1830,1589
3806,4638,2076
1695,1814,2379
2796,9558,8298
2911,5941,6903
0738,4645,3594
7399,9512,3949
4147,2299,4191
3281,6390,5905
8992,2391,3478
7367,2291,4872
5275,9462,2316
4038,4456,4315
5899,6719,4015
7476,5543,8857
4774,2975,5088
4438,0369,1446
0178,9715,7366
5361,5944,3039
4546,2213,4738
2332,1833,9315
0102,7271,8058
9887,7792,9691
9088,4648,8701
3339,1165,6668
2758,6255,3055
8601,6817,1650
9758,3181,4736
2959,0373,2948
5580,2976,7946
0819,8014,6153
5251,2248,9176
0161,4614,7447
9190,1301,1570
1150,8645,3460
0711,8674,5529
4210,1077,0658
2225,0989,3706
3475,0216,7025
4510,0811,4584
8126,4137,8585
1340,3191,8800
5227,9095,7444
0990,5183,4173
3892,8957,8946
8539,3158,9944
2009,5286,5820
7071,5214,3614
3750,6634,0008
7656,8036,3595
6618,3971,0560
2216,0945,7915
8031,5083,9044
9642,2481,0740
7363,0588,8732
0281,5939,1299
8851,3017,0991
9019,1075,1362
8084,3685,2211
7055,4171,2675
7888,6145,4037
9405,3298,1081
8522,1831,5620
7607,6803,6910
8335,7831,2975
2642,9227,1384
4300,9519,2154
1619,4586,3105
5317,6073,7120
4838,4380,0305
5226,4970,5921
9262,7539,6833
1320,4480,9830
2858,5404,8996
9081,4401,0225
4541,4308,9340
4860,0322,0917
7814,1103,0781
6187,7538,6412
9831,8678,0710
5878,4765,8634
3893,0938,6337
7589,5145,6011
4208,8520,3578
1512,9784,8725
2227,1957,0144
5619,6889,8651
1099,4411,5605
6631,0849,3120
5735,9980,2227
1911,9323,0908
1436,2474,4587
7894,4016,1601
6676,6799,7241
5537,5042,0495
0489,2269,6586
2576,3713,0237
8101,4553,7330
2917,7841,6514
6859,8132,1057
8350,2517,0317
1512,6369,7122
2662,3935,0507
6191,3490,6451
6681,4655,6642
2281,2287,7385
5914,0197,9373
1256,3813,3132
9836,0944,9404
2189,9433,0446
1318,8769,8344
9717,1279,1328
9709,1277,1139
0157,0244,9967
0258,4641,1268
4538,3838,4853
9492,3062,1625
4827,2198,4680
2746,3802,2134
8939,6930,3399
1419,4853,3275
6135,0153,6073
4783,0333,4913
5612,4797,5422
4041,9921,3346
7682,8327,6652
3874,6711,5503
2192,9877,6613
2494,5610,4938
4669,7733,8025
7414,0607,2465
1264,8998,9678
6898,7413,8995
4806,1261,2242
9999,1702,6949
8568,8691,0444
0312,5394,8064
2405,3138,2827
2704,1444,2900
2229,8033,0594
0613,4326,8250
0436,2497,0035
6131,2547,3336
9283,4520,9946
2346,0605,8449
0500,6959,1028
8720,5477,1375
1333,8816,4276
2899,5225,3731
4314,6543,5934
0828,8093,9709
7338,7723,5668
0609,9730,5330
1372,5122,2218
6754,8340,7753
8990,9987,2980
5785,3562,1533
4757,3824,8205
7595,5919,7873
5901,0861,1354
4184,4074,5406
3156,4349,9251
3544,0413,9452
7874,7096,9647
0228,3597,1951
1438,6267,6776
8683,6669,8612
7438,5625,0179
2544,9836,3448
6402,2541,6343
2437,5920,3347
6844,0681,5536
6210,0401,1287
6741,3199,6093
6842,2475,7275
3557,7759,2542
0709,4804,2644
1889,3843,5467
5116,6818,0923
1017,3554,9441
2444,2390,0421
1653,4244,3695
8055,3523,9300
1054,1796,9046
1397,1357,3390
8977,5680,2939
8366,0865,7541
8496,7254,9751
3534,5320,8116
8388,1018,7362
5015,3146,5941
6166,6241,0598
7661,8494,3434
9567,9403,3018
0083,5976,7686
4827,6609,9492
2307,1892,7046
5911,3524,3272
7365,5673,9608
9572,9322,6233
5920,9409,0465
5905,1188,7485
7770,6194,2107
1600,3148,1030
9844,0838,2333
9942,1884,4006
8225,4072,9272
8618,8785,1928
0866,8107,7115
8304,7000,8543
9374,6507,6521
1025,9052,4717
0467,2403,0168
6306,1931,6070
0250,3804,4707
6884,0769,4302
1522,3745,4427
9798,8348,4935
1546,8914,8112
2504,6516,1891
0241,3452,9424
6517,2653,5308
0755,8627,6480
2105,0330,5303
2563,4996,8095
3994,5294,2051
8158,1144,3168
7613,7806,9143
4479,0030,0952
2963,9679,7160
4724,7197,1349
3275,4404,4122
6624,3311,1892
1370,4254,4441
3384,4299,1585
3966,5370,0389
2447,2935,5822
1710,8071,1371
5041,0091,8215
9584,1563,7970
5479,8018,9836
2489,2528,3398
1930,5251,1646
0709,1097,2503
9240,5636,8598
7572,1539,6050
3866,3803,2299
2407,9288,2427
2488,1366,4927
6011,7095,4214
6501,0886,6575
4075,2504,5522
3647,6477,4331
2556,9656,9876
8098,2529,7564
0499,7016,4968
0651,0645,2266
2024,7035,8677
5302,0530,4895
8188,9735,1178
1747,5487,9896
3299,7027,2371
9564,4242,4981
9438,4925,4315
3733,0390,5307
6133,2218,3501
9276,6159,3513
0619,2606,3428
4728,6438,2574
1874,9343,6050
8879,5306,0825
7100,8119,0453
8132,5232,7284
4937,1398,3212
8850,0755,7801
5451,2358,4195
9107,6344,6190
3726,2120,6291
2117,8469,4235
6682,1182,3437
0399,0897,8289
2513,1832,5568
8704,2402,2684
4531,0176,3309
2856,2846,3279
8954,4542,6177
6134,0737,0345
1425,0382,4312
4392,0730,5731
7054,8977,7622
8731,3403,8463
3209,2736,5318
5299,2772,6190
4857,3222,9812
5453,9876,0370
6187,0809,3082
9227,3570,6504
4552,2905,8870
8486,7101,5011
3248,8956,5826
6732,0767,4925
3884,4602,0090
3100,9518,9199
5686,4901,0891
6773,3222,3595
7456,0579,1459
0486,9375,1506
6922,4505,1449
7911,5761,0583
7625,4752,9195
2269,5580,4315
1030,9817,5494
6428,8439,4989
5636,7834,8789
5671,5964,5473
3377,0312,5938
9161,4563,2621
6529,1375,2299
2472,6590,8012
7653,8860,2230
7604,8554,4423
3645,1715,7255
6801,8881,0929
1481,7284,9373
6682,0570,7887
9065,3668,8110
8486,2227,8330
5110,9512,2213
9507,9544,2426
7256,0145,0354
3648,7042,2449
3248,0669,3141
5699,1230,3994
6276,8317,4491
0575,0540,8921
2442,1544,2581
5406,1804,3649
3609,7202,9436
8118,0902,4981
7216,9906,6345
5746,1736,1911
0678,0657,2705
9528,2560,8143
9426,1549,2488
3838,5945,3045
8657,6190,8016
2362,0121,0975
2148,2496,9642
2607,2872,7245
5074,0449,7244
7681,7185,5225
2600,0558,0285
5870,1093,6565
7198,9535,9935
2818,7739,9509
8025,6913,8076
0813,5654,7528
7782,7382,9681
0818,8325,1601
0370,6819,3880
3440,8657,1443
5916,4404,3783
0641,6494,7791
6847,1142,4508
1847,6131,2291
5930,9923,9756
9921,9357,2999
3592,0593,4650
9278,8045,1169
7365,5209,9879
2328,9502,1961
7581,6103,6806
3138,1639,2203
9912,3612,1810
1743,5027,1665
3113,2929,0163
2771,9910,1450
2984,1434,5760
2149,7113,1903
0294,3613,8197
0272,5372,7689
2732,8990,3476
9317,8820,2750
5103,7499,0336
3055,6459,8157
2558,0744,9517
6618,7018,5805
2963,2603,2990
9111,1905,7182
2130,3558,6693
1612,1113,0468
3052,6809,0534
6300,9753,5866
8465,4362,2144
1076,6800,8132
0197,7418,7617
7223,3773,5260
0506,2679,7021
0496,3946,3742
6903,0570,1644
4878,0879,7344
1734,2382,7635
2950,3677,4004
9677,3941,9327
5168,5553,4621
3611,4424,5100
8630,1811,2989
8930,4621,1490
8052,8881,3704
3812,4407,3571
1961,0826,8474
8037,1976,2326
0421,1177,9836
3595,3021,3669
6046,7777,2666
1648,2828,8815
9205,2783,7324
5391,1530,8606
1287,9444,7740
5851,8483,6818
9893,3369,0078
3873,4096,4905
8285,7491,2989
7454,5487,0908
9552,0475,4637
1872,5209,3570
3059,6945,8610
7203,1416,3637
7497,5373,3574
6255,0783,6732
1447,4837,2528
2054,9552,2536
2476,3167,8483
5013,5579,2253
6935,5902,9748
6748,1914,4183
1380,9537,8867
7646,5043,9535
3039,0582,9742
9823,6859,4190
2785,3363,1873
1765,6139,8648
3967,4360,8576
2525,2512,3742
2946,7363,2979
4476,2390,8466
2888,4155,2754
3654,2479,7142
3172,8881,2211
7205,8321,0783
4753,3796,7358
2272,4078,2400
2124,2126,0821
3975,3045,5044
0739,1544,0646
5194,0358,8238
3132,2673,1821
6903,7340,8762
8394,3453,6838
8054,4071,6586
7515,2326,3139
4981,6971,9077
6029,9732,7796
4415,8871,3255
8009,8070,2738
3666,3764,8096
4002,4100,9803
7450,0576,4268
1296,4824,6917
6405,8017,1718
4139,0008,2641
5233,4497,5688
5428,1816,3471
9173,7663,9275
0395,5928,8998
5339,0712,5793
9568,3581,0240
0294,3713,9623
0785,6264,0346
8092,9487,4225
6355,1480,9460
6374,3458,2804
1196,1191,9112
6775,8591,0824
8047,6549,0895
5022,5854,0736
9408,8130,8585
8688,3400,0694
3017,8132,0522
1321,4887,0710
8683,5722,3616
0450,5744,5830
9134,0972,6953
7316,9628,1051
8604,3142,4282
6125,9020,2388
3627,4469,9561
3525,8370,3144
4321,6280,8230
1214,0782,1214
0832,3398,1900
3080,0336,7161
9172,4061,1893
2361,5832,0951
4666,0943,1942
7672,6914,7871
3485,5538,2231
5907,6549,4247
5245,3674,5509
7443,0451,4581
0045,9100,0680
9004,8489,9569
7388,5373,9893
7051,0601,2017
6859,7294,4895
1521,1127,2879
2590,8216,6335
3153,4532,7545
6289,5195,6104
5843,5833,6335
3232,1464,0552
2109,0583,9080
5292,2052,6241
1191,1607,9886
7960,2433,3004
0626,4729,2807
7667,5018,8218
7262,6015,4014
2107,1287,6155
1335,1764,8648
7903,5484,1336
9580,0565,9124
7641,3296,7951
6432,1576,3783
6711,3770,4993
1165,7501,1299
5271,4951,5769
8669,6693,2492
3858,0044,7109
1980,5745,2032
2716,1153,3807
6974,4010,0143
7372,3319,3073
8267,8054,9011
9959,4290,0564
9810,0655,9752
5815,9826,1358
7351,7278,0216
7172,4033,5028
3212,8688,3741
2727,2552,8094
4492,3875,0701
5360,9104,6614
4792,8996,7441
4113,1284,6126
0915,3841,9862
4783,2846,7339
9520,9807,7105
2467,8689,6211
7226,4742,3769
0751,7988,1501
0491,2107,3304
3595,8999,7108
3954,5622,3136
9956,5221,7997
3950,9748,9591
3045,6942,2028
1526,8916,6208
4423,1107,5808
5226,9510,2855
5290,5951,4655
9429,4092,9615
5601,6940,4374
3999,1749,1410
4753,5010,7541
2429,0791,5543
6471,3032,1844
3408,7889,9074
8590,4697,8513
5085,3890,7054
6768,3538,4136
8596,0425,4691
0764,4004,8146
0110,5114,4721
2748,3459,7228
3927,0630,8647
8032,4125,8756
6807,5774,7469
9106,6088,2475
7052,3445,5162
1313,1853,5315
0318,2342,8990
2220,3617,6800
1043,8654,5643
2850,4051,3819
6252,9378,3157
8613,3258,2320
0352,7054,7847
1207,8473,0370
9052,6060,3295
3185,4146,4688
7710,9320,6586
0378,4802,8205
2876,3886,6834
6555,4067,4845
1552,5462,3740
3962,1061,6867
1135,6673,4252
0475,4201,3832
5722,6556,9513
0422,8632,2346
4820,2437,8404
2941,5137,5908
7998,0322,5349
4771,3446,7859
6474,6841,0270
1684,4185,7411
5865,2262,9425
4479,0309,3990
7414,0146,4710
9858,1587,7661
3740,0105,3377
9357,9266,5921
8036,7834,4568
4057,0352,3986
0437,2386,4172
0137,5453,7183
6148,1458,9703
6476,6272,9167
8231,6491,1713
7435,3883,6843
1993,3347,3752
9149,5813,8028
3944,1036,8343
1243,5690,5767
5383,5021,6833
7566,8510,8067
1546,7541,2611
0448,6334,6714
1312,8372,0266
7169,6809,8855
7118,7339,3018
5356,0290,4363
7435,0964,6891
5012,8812,7861
0455,0612,9497
1474,5796,1287
6926,7294,7364
2626,0625,7915
7784,7958,2122
2832,6199,5736
4250,5230,7928
6180,2042,2112
5608,8335,8964
4405,9570,7493
9916,4401,6624
5941,0073,9396
9905,1141,0762
1513,6292,6887
3035,2141,3411
4672,0944,5179
4107,9748,1369
6865,2092,3355
0931,4702,7923
6548,1724,7364
7562,2215,5394
2901,7031,3983
2119,2542,7933
6726,0927,6605
5773,6792,6302
6989,1877,0755
9688,0175,4810
9758,2613,8063
4138,4606,6799
2285,8972,1458
1113,5757,2236
7087,9910,0811
8895,4850,0555
9953,9355,3606
1467,3742,4166
1796,7800,5703
8917,3352,6338
1017,0352,9451
7436,5605,3182
5546,8820,0657
3402,6411,2751
2180,9193,7327
5538,7328,1973
8250,6355,3347
2915,9379,8378
8805,8037,6222
1597,3411,5788
7081,8862,1081
6255,9285,5506
7094,4247,1245
9444,5551,2523
1735,4691,9534
9172,0787,3420
5805,6171,6215
3140,5229,5594
1620,2058,4351
1743,3785,6845
4491,1950,0924
4647,9021,0472
0963,7538,4761
0476,2902,9307
1652,9392,4947
3218,9951,0303
0740,0831,5057
2304,1682,0783
2627,7713,9171
6425,5344,0703
9713,8488,8998
0321,0699,5393
3660,6892,9021
5011,5347,7186
6799,5093,2438
9243,6364,7094
5228,1494,5432
7380,1957,6691
4995,8477,5751
4586,2763,9271
1695,8686,6561
3249,3011,4486
2840,6591,1404
8533,4436,4011
1489,1178,6464
5470,3771,9173
6396,0688,7771
8112,2835,4921
1027,0750,1826
9874,9200,4882
7849,8268,6630
9459,5918,7661
6608,6670,7552
6880,5576,2434
4194,3105,1136
2489,7979,4241
6975,7948,6066
0885,9713,2285
6452,3925,5222
8815,3934,0524
8294,9424,2288
3473,8015,5216
8321,5194,2517
1161,5991,4951
7214,4867,1736
6734,7783,2115
1993,7140,5049
1371,1689,8543
2770,1656,3507
5505,5092,2958
8379,3242,4645
8785,8231,2027
3933,9639,6605
9051,6729,9260
2618,3310,9639
3079,5710,7877
0540,2120,5575
4596,5640,3999
7041,7189,4840
3549,5122,6935
9637,8608,1778
4093,8212,2506
4390,9548,3858
5283,5353,7708
6540,0636,5059
2717,4968,9363
9290,5534,1982
6917,1148,3387
3933,3658,6296
6742,2671,8651
5685,9007,5031
2530,9864,6111
8719,4663,1515
1175,0568,7404
1622,5579,7006
9955,7348,5128
3217,1568,4823
4924,2370,5555
1878,9736,5492
3532,9966,3231
8725,8250,6696
5257,3439,7865
3551,7995,2912
2493,0942,3840
9390,5915,2783
9355,3419,1082
1578,1353,9307
1462,4175,8264
5885,1909,2864
5161,6850,3213
9070,3663,3815
5258,9927,6733
8461,4192,6413
0673,8881,1709
6326,6591,8301
8085,4628,1354
7860,0218,1991
4022,1737,7958
4176,6756,9626
5809,8093,6716
6454,2876,9575
8840,3216,8057
0659,4423,1747
3756,7783,7987
2590,2516,1973
4263,9002,3484
5288,3012,6662
0098,4437,3595
6673,9008,6227
6962,8620,6861
3869,8799,0475
5052,1672,6588
4204,8392,8656
1914,7493,9184
7004,8036,9440
3715,1563,1503
2126,0430,3593
4584,7673,9037
0188,0444,6215
9928,1941,0358
5719,2609,6198
8240,0143,6939
3204,1698,5172
5392,7096,8132
7358,3387,6101
4905,2323,5806
1241,2022,8872
9466,3731,0430
4475,5872,3187
8301,4964,6426
1445,7219,2707
4085,2432,6094
2188,9149,0726
7904,3407,0266
8058,0728,0581
0577,7103,8005
6446,9815,3059
1426,3926,7437
0282,6616,1707
6137,5920,9862
0036,7765,6316
9185,7501,3299
6465,5700,5059
6695,6926,0411
2551,8733,1348
9442,6814,3621
9603,2069,8413
4275,9215,8381
6730,2165,8234
5892,6921,5803
8812,3979,4647
4537,6760,4984
2419,1741,3108
1373,0665,8270
5605,0548,8259
1499,0724,5855
9990,4448,9694
1011,8330,5564
9814,7370,2254
2375,0893,3421
2876,9038,4636
2986,5378,6053
5934,1198,4043
5739,8933,3235
4754,7741,1797
2019,8404,2641
1258,8293,6571
0140,4454,7935
6357,7218,7079
2821,5034,0488
6213,9467,2369
8153,2480,9012
9769,9960,8835
5991,8798,5783
4336,3493,9753
8205,2155,7241
1933,4995,3504
1079,2492,3906
3230,8908,2142
5412,7076,5946
2199,9772,7148
3974,6855,0507
5827,8228,1255
7124,7798,6747
6225,4092,1292
0886,5389,8503
5848,5966,6498
0499,7384,6122
4709,6015,3016
4875,5242,9379
8395,7278,2539
5023,9882,7995
2555,6801,3271
7017,8547,5914
4565,0544,2464
9268,4808,3752
4221,3906,6755
7476,1502,6741
8053,8001,8590
2415,0158,3109
9076,9377,2493
6614,6321,5160
1172,9717,8281
7419,0684,2933
4607,8010,3237
3819,2655,5441
1882,5994,9167
9377,0255,3083
1115,8214,7288
6314,7130,1209
3904,3501,3133
6307,0395,0430
8426,2170,9063
3459,4802,7291
8867,2121,2349
6808,6505,4166
3137,2961,2296
6521,0608,0947
2962,0790,7635
3267,7200,6343
9748,6854,1615
9844,7428,8582
8541,0726,4324
4425,8211,9748
9724,3842,7058
0170,2691,9903
1594,3952,0854
1170,3411,0738
9601,4467,2290
9851,5229,7229
2320,4188,8675
2253,3647,5232
5407,4839,6660
1685,3191,1511
4845,2048,3311
4265,8096,9981
1139,1428,1509
5821,4906,9384
1339,4136,9260
0388,0164,0605
2752,5780,6292
3045,6041,5570
9978,0424,3019
5408,1631,3963
7475,4679,7273
7439,8305,6155
9820,3418,2372
5988,7954,9439
4067,5366,3909
3344,4283,7114
5897,2192,6490
4010,3191,6482
2688,2562,1343
1421,5488,4614
4237,3236,9417
9294,2842,2950
4105,3319,9645
5723,8337,7551
2023,8664,1835
6736,1092,3203
6216,7690,2830
1072,7934,6184
4639,5305,3956
8439,2168,4108
9112,2116,7317
8177,8872,8946
6607,1014,7267
9486,6931,3393
7581,8704,5313
7724,7820,3800
2328,5100,5462
1305,1397,6217
2268,4562,4817
0035,2694,9613
0244,2613,5953
7190,6432,2776
1085,6277,8905
1817,5451,1900
1490,2620,8992
5634,9359,0710
1838,2212,6889
5675,0528,3886
5648,8951,1624
8814,3062,0440
8081,4779,8089
4869,1862,3389
8745,2660,9356
6272,7013,2611
0527,7077,7502
0856,4742,2732
7184,5669,3444
9912,0333,6739
4685,9807,2433
6997,9400,8634
7958,7006,2616
5845,5834,3230
6504,8561,8760
0249,4075,2423
3923,9601,9363
2768,3102,7571
2871,3087,2803
8860,2854,0794
6069,1158,4279
9774,8784,3281
8659,7152,9284
7552,6071,3543
5325,6494,2690
5637,2194,3782
8688,2387,6724
9982,4834,7156
6808,2197,7356
6408,1105,1307
4560,0843,8267
3658,8382,6060
2118,3182,6281
6702,5129,9565
7093,1688,5547
7912,3180,0966
9742,7504,3500
1344,5566,1920
6544,4726,8348
6793,5989,0313
0940,4530,4279
7270,4304,2528
1809,5553,0591
5122,6160,5329
1113,5723,7572
7871,0890,9444
6470,7709,1211
1599,2739,3141
2542,7867,1821
0811,5417,7663
4812,8092,4564
1063,6265,5702
3795,4966,1383
4494,0331,5928
2767,1128,5408
7351,5476,1980
2096,9305,0290
1673,4926,4211
9736,8204,5721
4290,6539,1993
1885,0254,2183
4358,6354,5548
3981,1516,6169
6521,3210,6930
6696,3417,2250
0491,8346,0779
6303,4181,4857
4591,6879,4869
1353,3790,8629
8345,7509,5337
1338,9355,1070
7117,2673,3519
7188,2536,5267
5519,1429,9989
2014,4887,2937
9499,1674,4184
1329,9812,3117
4322,6743,4938
9464,5674,1746
1711,5397,8076
1975,7304,1441
6841,4267,9421
1946,9720,3781
9571,4647,9889
9205,3583,3500
8294,9323,8532
4013,3355,6320
9200,4293,9433
0446,5764,0262
2775,4932,6259
4449,0006,1483
3369,3145,8348
5045,1384,6814
5305,4083,5935
0223,7693,0935
8342,9500,7002
0496,9286,5123
5483,4496,7726
7632,9939,0073
2293,9316,0260
3985,9622,0238
4009,0009,4459
7323,5327,5248
6862,0791,1853
8137,8609,1424
1940,3270,8099
3365,4535,4073
5364,1837,1861
1722,1729,0420
5177,0346,7850
6592,0997,7851
0476,6143,4957
3723,6256,6734
0483,4238,4196
4211,5961,6702
8108,1764,3473
0883,3638,0338
4449,0291,0331
6722,0227,1387
0112,0883,8763
6899,8713,3317
4030,4304,7899
8414,8575,8339
4524,4816,2973
8916,9405,9346
3592,9251,8602
2569,1426,6244
8943,8733,1148
9725,4861,4048
0048,9208,5336
9708,3311,3898
1233,2786,2634
4370,3295,9093
0188,1781,7838
1582,6148,3812
1620,1147,7186
7842,6139,5841
5136,7783,1360
5816,3380,6056
9136,7684,4926
0218,5017,8836
8532,9927,4366
6527,3970,4716
1653,7528,2643
8119,1710,9251
8550,4609,2032
4995,9199,4080
8806,4453,1328
8132,1500,7331
7584,8899,0460
0375,1607,2791
6458,3702,8365
1734,5393,8528
9972,5514,5161
1848,4800,0305
2924,6473,8696
2713,1693,3095
2105,4701,1486
3681,0133,0900
7043,7765,2097
6979,6752,3502
3639,1324,0618
2403,8729,4716
7916,1465,8157
0394,2309,9371
8741,3184,3810
2464,2763,3573
2935,5463,0923
5793,9302,6209
4782,8878,1034
1694,2728,7741
3458,6173,7167
1837,7824,5093
4635,8821,2293
6086,1268,3338
1785,9297,3636
4125,9932,0334
9444,9355,8252
4835,7118,1136
0232,1235,8830
4484,8092,7978
6584,8809,7610
2077,8919,9818
0494,9549,4961
5747,8089,9720
9240,1620,5862
6939,3762,9005
7481,6913,3598
1222,4811,4674
1723,4351,4575
8880,2084,8733
0942,1917,2920
8347,8116,5595
2051,1719,8947
8374,3168,0470
0499,8064,9383
1066,7353,0226
9784,0681,3251
2995,4481,7180
6836,1094,1196
7796,4400,4781
1312,3687,0620
7321,8058,4032
3801,1627,2500
4805,1911,7946
0964,9685,0543
6739,3317,9386
1271,7764,6498
2262,2102,9320
5659,1317,9141
4229,4768,9307
2309,2302,4348
4422,4196,1463
8756,4137,3444
4436,8800,9577
8947,7437,2316
0654,2324,9624
2159,6940,5096
4340,3453,5238
3531,9201,9998
4058,0432,7595
1901,2729,3962
3377,4533,8288
9670,4590,3707
1034,9060,3457
1174,0899,6605
8603,0937,6029
9241,3185,1533
0788,1232,5871
9780,3076,5743
3329,9996,6015
1756,2044,0600
5772,4906,8039
3032,8462,9830
3325,0316,4596
9522,6562,4390
7305,2651,7361
1927,6578,1454
0781,8176,1991
5462,5378,5222
0569,0677,6305
3693,6610,2649
3841,3822,6158
2632,0154,1244
1659,5083,2099
6219,1687,0517
5375,6875,1877
0411,9718,7288
7176,3983,6614
6099,7255,9557
1120,1190,2885
8600,9140,1438
4998,3862,4192
1563,2855,1840
6203,3562,5080
1633,3114,7672
9121,0418,3275
5780,8932,0137
7449,5517,4088
0340,2508,8466
1059,0784,6197
8835,4048,3857
1069,6247,1880
6684,2128,4145
5235,8483,1191
1480,1747,2832
8839,7741,7488
9949,7253,2004
7614,7172,0411
6834,6444,2930
0445,4159,2395
4180,5048,4730
4539,2332,7286
8059,4060,6427
5810,7613,6561
2937,8387,5221
4818,7183,5768
8986,9535,6399
3671,0184,6099
5965,9357,7637
9801,5324,8235
2692,2761,4865
7558,3882,9144
7233,2382,7651
1889,3207,5224
2929,4247,2361
1690,0973,8361
1442,9173,8202
0013,1796,3107
6474,6294,3053
7152,8090,7966
0059,8438,3329
7884,7690,8917
6130,2347,6157
1843,7795,0619
6392,4118,5853
6816,3839,0322
2848,9297,0170
7004,6971,5458
3963,5293,7268
0570,3843,1609
1833,4986,5914
8257,5321,0181
9559,0780,6292
2473,3581,6842
0063,7982,5747
5515,9818,3246
5186,3061,9904
1919,9172,0168
8933,8314,0666
8593,6983,5961
8138,9421,3502
7771,0953,2655
4624,1411,6751
6235,5507,0126
1954,8691,7223
5810,6757,9672
3115,3012,4336
9257,5419,3601
0711,0119,0493
5274,7811,2674
1924,1404,0401
5567,5954,2521
8178,9369,6361
1233,3887,5684
2725,4611,0762
8242,8732,3857
6143,4050,2798
5488,1815,1716
7180,2227,4478
8974,5594,0340
6005,1426,1385
8992,4563,6716
1344,7917,2893
6879,9649,6432
0814,8820,6171
5082,6402,9225
7400,5406,3947
3193,0039,9794
5062,8098,2333
0624,0570,0484
8965,4150,2751
3754,0639,0668
1809,6222,7437
1470,3643,6531
9722,6913,1073
6683,0743,7295
5085,0722,7062
4477,9154,2541
2267,3560,3339
9118,0780,1767
9160,9572,2641
9600,4154,2972
8780,6124,2322
6320,8003,4215
1385,9469,4615
9200,9804,2053
3843,7653,7991
7750,9953,1048
3055,9503,5518
1182,3798,1756
7480,3341,4483
4627,5223,9959
1247,6402,0023
9537,8486,3952
1921,0804,7378
1734,7200,2465
5455,5261,2522
5254,4487,3650
7291,9037,2982
8847,6339,5828
7999,1910,1034
9978,3281,8154
7570,4120,0142
4049,4193,2575
0702,0965,7311
4287,0417,3971
7834,8800,9740
4428,7129,4935
6545,6151,9378
0505,5793,3905
7078,9988,4385
6527,9693,3790
7361,5710,0605
3714,0438,8833
1006,0199,4263
7970,3683,9873
3315,7288,1651
2770,6739,8282
1613,1135,4757
0791,9484,5920
8385,6630,0171
6434,0966,4038
2700,5374,8402
3516,8652,1306
6582,9826,6856
9957,8230,3566
0006,0196,7483
8240,5200,3779
6537,6102,9073
0304,6966,0775
5194,5931,5659
9502,8960,2345
5197,3944,6132
0264,9416,8766
2236,5791,2362
2059,0010,9408
5886,1084,9271
0856,6077,0625
1105,9743,4742
1980,6047,4218
6924,0232,8451
4856,0237,4669
1579,5031,5003
3212,1013,7329
3073,5325,1995
6994,6515,4664
9278,6002,7880
9760,2775,9672
9228,7497,3903
3853,1663,3083
3793,8245,8446
6896,7450,1631
9127,2925,3159
5592,7321,0432
9537,4916,1926
7088,3101,0039
5198,1505,9980
4374,3852,5866
0771,4283,6723
0410,5493,3731
2283,6007,7267
4233,6104,3601
6179,4328,0127
7657,6085,1937
9607,4593,7593
7029,3078,8161
1167,8815,5105
8022,7847,4758
3713,9807,7908
9765,1688,3680
4471,2435,2016
2454,5021,9411
6005,7206,3001
1505,3607,4598
5337,9533,0596
8203,7715,9507
5354,1848,7344
3203,4666,7953
3975,3564,8894
1539,0674,1456
8347,7696,3883
6667,5788,1157
5291,0920,1183
2285,9134,4277
7432,2914,5993
1410,2077,4060
4880,9180,2245
6424,3376,0316
6609,3369,2617
1812,5593,4089
0989,2193,1866
3929,9973,0574
1099,4425,5666
7533,0649,6377
6173,4152,0587
7935,2195,6306
0915,5394,4865
0644,7983,9991
5843,8319,9116
0408,8160,3118
1176,3627,0888
3491,1321,6292
7998,7500,4309
0939,5713,7380
4968,3380,2876
9307,3851,4075
5639,5022,3020
6458,5793,1330
1229,0656,7826
8188,5371,4010
8819,7441,0708
5697,1131,9949
6270,5194,0790
2312,3548,4805
