0000
0003
0006
0008
0009
0010
0011
0012
0013
0015
0019
0021
0022
0023
0024
0025
0026
0030
0031
0032
0034
0035
0036
0039
0040
0041
0042
0043
0044
0045
0047
0048
0052
0053
0054
0056
0059
0061
0063
0064
0066
0069
0070
0071
0073
0074
0078
0079
0082
0083
0086
0087
0088
0090
0091
0092
0095
0097
0098
0101
0102
0103
0104
0105
0106
0107
0108
0109
0110
0112
0113
0114
0116
0117
0119
0121
0122
0124
0125
0126
0127
0130
0132
0133
0136
0137
0138
0140
0142
0143
0144
0145
0146
0147
0148
0149
0151
0152
0153
0154
0157
0158
0160
0161
0162
0163
0164
0168
0169
0170
0171
0172
0173
0174
0175
0176
0177
0178
0179
0180
0181
0184
0186
0188
0189
0191
0194
0195
0196
0197
0198
0199
0200
0201
0205
0207
0208
0209
0214
0215
0216
0218
0220
0221
0222
0223
0224
0225
0226
0227
0228
0229
0231
0232
0236
0237
0238
0240
0241
0242
0244
0246
0248
0249
0250
0252
0253
0254
0255
0256
0258
0259
0260
0261
0262
0264
0266
0267
0270
0271
0272
0273
0277
0279
0280
0281
0282
0283
0284
0285
0286
0287
0288
0289
0290
0291
0292
0294
0295
0296
0297
0298
0303
0304
0305
0306
0307
0309
0312
0313
0314
0315
0316
0317
0318
0321
0322
0324
0327
0328
0329
0330
0331
0332
0333
0334
0336
0338
0339
0340
0341
0345
0346
0347
0348
0349
0351
0352
0354
0355
0357
0358
0361
0365
0366
0367
0368
0369
0370
0372
0373
0375
0377
0378
0380
0382
0387
0388
0389
0390
0393
0394
0395
0396
0399
0400
0401
0402
0404
0405
0408
0409
0410
0411
0412
0413
0415
0416
0417
0418
0420
0421
0422
0423
0424
0425
0426
0427
0428
0430
0432
0436
0437
0438
0439
0440
0441
0444
0445
0446
0448
0449
0450
0451
0453
0454
0455
0458
0459
0460
0463
0464
0465
0466
0467
0468
0470
0471
0472
0473
0474
0475
0476
0479
0480
0482
0483
0484
0486
0488
0489
0490
0491
0493
0494
0495
0496
0499
0500
0503
0504
0505
0506
0507
0508
0509
0510
0512
0513
0515
0517
0520
0522
0523
0524
0525
0527
0528
0529
0530
0533
0534
0540
0541
0543
0544
0548
0551
0552
0553
0555
0558
0560
0561
0562
0563
0564
0565
0566
0567
0568
0569
0570
0574
0575
0576
0577
0578
0579
0580
0581
0582
0583
0584
0586
0587
0588
0589
0590
0591
0592
0593
0594
0595
0596
0597
0598
0600
0601
0602
0603
0604
0605
0607
0608
0609
0612
0613
0614
0615
0618
0619
0620
0621
0622
0623
0624
0625
0626
0629
0630
0633
0634
0636
0637
0639
0641
0644
0645
0646
0647
0648
0649
0651
0652
0654
0655
0656
0657
0658
0659
0661
0662
0665
0666
0667
0668
0669
0671
0673
0674
0675
0677
0678
0679
0680
0681
0682
0683
0684
0685
0686
0687
0688
0689
0690
0694
0696
0697
0699
0700
0701
0702
0703
0704
0705
0706
0707
0708
0709
0710
0711
0712
0713
0715
0717
0719
0721
0722
0723
0724
0726
0727
0728
0729
0730
0732
0733
0735
0736
0737
0738
0739
0740
0741
0743
0744
0745
0747
0748
0749
0750
0751
0752
0753
0754
0755
0759
0760
0762
0763
0764
0765
0766
0767
0769
0770
0771
0772
0773
0775
0776
0778
0779
0780
0781
0782
0783
0784
0785
0787
0788
0789
0790
0791
0792
0794
0796
0797
0798
0799
0800
0801
0802
0803
0804
0805
0806
0807
0808
0809
0810
0811
0812
0813
0814
0816
0818
0819
0820
0821
0822
0824
0825
0826
0828
0829
0830
0831
0832
0834
0835
0837
0838
0839
0840
0841
0843
0844
0846
0848
0849
0853
0854
0856
0857
0858
0861
0864
0865
0866
0869
0872
0873
0874
0876
0877
0879
0880
0881
0883
0885
0886
0888
0889
0890
0891
0892
0893
0895
0897
0898
0899
0900
0901
0902
0905
0907
0908
0910
0912
0913
0914
0915
0916
0917
0918
0919
0920
0922
0923
0924
0926
0927
0928
0929
0930
0931
0932
0934
0935
0937
0938
0939
0940
0941
0942
0943
0944
0945
0946
0947
0948
0949
0950
0951
0952
0953
0954
0958
0959
0960
0962
0963
0964
0965
0966
0967
0968
0969
0970
0972
0973
0975
0976
0977
0978
0979
0980
0981
0987
0988
0989
0990
0991
0992
0997
0999
