1000
1001
1005
1006
1007
1009
1010
1011
1013
1014
1017
1018
1019
1020
1021
1023
1024
1025
1027
1028
1029
1030
1031
1032
1034
1036
1038
1040
1041
1042
1043
1044
1046
1047
1048
1049
1051
1052
1053
1054
1055
1057
1058
1059
1061
1062
1063
1064
1066
1067
1069
1070
1072
1073
1074
1075
1076
1077
1078
1079
1080
1081
1082
1084
1085
1088
1092
1093
1094
1096
1097
1098
1099
1100
1101
1103
1105
1106
1107
1109
1110
1111
1113
1115
1117
1119
1120
1121
1122
1123
1124
1126
1127
1128
1129
1130
1131
1132
1135
1136
1138
1139
1141
1142
1143
1144
1146
1147
1148
1150
1151
1153
1154
1155
1156
1157
1158
1161
1162
1163
1165
1167
1168
1169
1170
1172
1174
1175
1176
1177
1178
1179
1180
1181
1182
1183
1184
1186
1187
1188
1189
1190
1191
1192
1194
1196
1197
1198
1199
1201
1202
1203
1205
1206
1207
1208
1209
1210
1211
1214
1215
1216
1217
1218
1219
1220
1222
1225
1226
1227
1229
1230
1232
1233
1234
1235
1237
1239
1240
1241
1242
1243
1244
1245
1246
1247
1248
1250
1251
1252
1254
1255
1256
1257
1258
1259
1260
1261
1262
1263
1264
1265
1267
1268
1269
1270
1271
1273
1275
1276
1277
1279
1280
1281
1282
1284
1285
1286
1287
1290
1292
1293
1295
1296
1297
1299
1300
1301
1302
1303
1304
1305
1306
1307
1308
1309
1311
1312
1313
1317
1318
1319
1320
1321
1322
1323
1324
1325
1326
1327
1328
1329
1330
1332
1333
1335
1336
1337
1338
1339
1340
1342
1343
1344
1347
1348
1349
1350
1351
1353
1354
1357
1358
1360
1361
1362
1364
1365
1366
1367
1369
1370
1371
1372
1373
1375
1378
1379
1380
1381
1383
1384
1385
1387
1388
1393
1394
1395
1397
1398
1399
1400
1401
1404
1407
1408
1409
1410
1411
1412
1415
1416
1418
1419
1420
1421
1422
1423
1424
1425
1426
1427
1428
1429
1431
1434
1436
1438
1439
1440
1441
1442
1443
1444
1445
1446
1447
1448
1449
1450
1454
1455
1456
1458
1459
1460
1462
1463
1464
1465
1466
1467
1468
1469
1470
1472
1474
1475
1478
1479
1480
1481
1483
1486
1487
1489
1490
1491
1492
1493
1494
1495
1496
1497
1498
1499
1500
1501
1502
1503
1505
1506
1509
1510
1511
1512
1513
1514
1515
1516
1517
1518
1519
1520
1521
1522
1524
1526
1527
1529
1530
1532
1533
1534
1535
1538
1539
1540
1541
1542
1544
1546
1548
1549
1550
1551
1552
1553
1554
1558
1559
1560
1563
1566
1567
1568
1570
1571
1573
1574
1575
1576
1577
1578
1579
1582
1583
1584
1585
1586
1587
1588
1589
1590
1591
1592
1593
1594
1595
1597
1599
1600
1601
1602
1605
1606
1607
1608
1609
1610
1611
1612
1613
1614
1615
1616
1618
1619
1620
1622
1623
1624
1625
1626
1627
1628
1629
1630
1631
1633
1634
1636
1637
1638
1639
1640
1641
1642
1643
1644
1646
1647
1648
1650
1651
1652
1653
1655
1656
1657
1659
1660
1663
1665
1666
1668
1670
1672
1673
1674
1675
1677
1678
1682
1684
1685
1687
1688
1689
1690
1691
1692
1693
1694
1695
1697
1698
1700
1702
1703
1704
1705
1706
1707
1708
1709
1710
1711
1712
1713
1714
1715
1716
1717
1718
1719
1720
1722
1723
1724
1725
1728
1729
1730
1732
1733
1734
1735
1736
1737
1741
1742
1743
1744
1745
1746
1747
1749
1750
1752
1753
1756
1757
1758
1761
1764
1765
1766
1767
1770
1772
1773
1776
1778
1779
1780
1781
1783
1785
1787
1789
1791
1793
1794
1796
1797
1798
1799
1801
1802
1803
1804
1807
1809
1810
1811
1812
1813
1814
1815
1816
1817
1818
1819
1820
1821
1822
1824
1825
1826
1828
1829
1830
1831
1832
1833
1834
1835
1837
1838
1839
1840
1841
1842
1843
1844
1845
1847
1848
1849
1850
1853
1854
1855
1856
1857
1861
1862
1863
1864
1865
1866
1867
1868
1869
1870
1872
1873
1874
1875
1876
1877
1878
1880
1881
1882
1884
1885
1886
1887
1888
1889
1891
1892
1893
1895
1896
1897
1899
1900
1901
1902
1903
1904
1905
1906
1907
1908
1909
1910
1911
1913
1914
1917
1918
1919
1920
1921
1922
1923
1924
1925
1926
1927
1928
1929
1930
1931
1932
1933
1937
1939
1940
1941
1942
1943
1944
1945
1946
1947
1949
1950
1951
1954
1955
1957
1961
1962
1965
1967
1970
1972
1973
1974
1975
1976
1979
1980
1982
1983
1984
1986
1988
1989
1990
1991
1992
1993
1994
1995
1996
