2000
2001
2002
2003
2004
2006
2008
2009
2010
2011
2014
2015
2016
2017
2018
2019
2020
2021
2022
2023
2024
2027
2028
2030
2031
2032
2033
2034
2036
2037
2039
2040
2041
2042
2044
2047
2048
2050
2051
2052
2053
2054
2055
2056
2058
2059
2062
2063
2064
2066
2069
2070
2071
2073
2074
2075
2076
2077
2078
2079
2080
2081
2084
2085
2087
2089
2090
2091
2092
2093
2096
2097
2098
2099
2100
2101
2102
2103
2104
2105
2106
2107
2108
2109
2110
2111
2112
2114
2115
2116
2117
2118
2119
2120
2121
2122
2123
2124
2126
2127
2128
2130
2131
2132
2134
2135
2137
2138
2139
2140
2141
2142
2143
2144
2146
2147
2148
2149
2150
2151
2153
2154
2155
2157
2158
2159
2160
2161
2162
2164
2165
2167
2168
2169
2170
2173
2174
2175
2177
2178
2179
2180
2182
2183
2185
2186
2187
2188
2189
2190
2191
2192
2193
2194
2195
2197
2198
2199
2200
2201
2203
2206
2209
2210
2211
2212
2213
2215
2216
2218
2219
2220
2221
2222
2223
2224
2225
2227
2229
2230
2231
2234
2235
2236
2237
2238
2239
2241
2242
2243
2244
2245
2248
2249
2250
2251
2253
2254
2256
2258
2259
2260
2261
2262
2263
2264
2266
2267
2268
2269
2271
2272
2273
2274
2276
2277
2278
2281
2282
2283
2285
2286
2287
2288
2289
2290
2291
2292
2293
2294
2295
2296
2297
2299
2302
2304
2305
2307
2308
2309
2311
2312
2314
2315
2316
2319
2320
2322
2323
2324
2326
2328
2329
2330
2331
2332
2333
2335
2336
2338
2339
2340
2342
2343
2344
2345
2346
2347
2349
2350
2353
2355
2357
2358
2359
2360
2361
2362
2364
2365
2367
2368
2369
2370
2371
2372
2373
2374
2375
2379
2380
2382
2383
2385
2386
2387
2388
2389
2390
2391
2392
2394
2395
2398
2399
2400
2401
2402
2403
2404
2405
2407
2408
2409
2410
2411
2414
2415
2416
2418
2419
2420
2421
2423
2425
2426
2427
2428
2429
2431
2432
2433
2434
2435
2437
2438
2439
2440
2442
2443
2444
2445
2446
2447
2448
2449
2450
2451
2452
2453
2454
2458
2459
2461
2462
2464
2465
2466
2467
2470
2472
2473
2474
2475
2476
2479
2480
2481
2484
2486
2488
2489
2490
2492
2493
2494
2495
2496
2497
2500
2501
2503
2504
2505
2506
2507
2508
2510
2511
2512
2513
2515
2516
2517
2518
2519
2520
2521
2522
2523
2525
2527
2528
2529
2530
2531
2532
2533
2534
2535
2536
2539
2540
2541
2542
2544
2545
2547
2549
2550
2551
2552
2553
2555
2556
2558
2559
2560
2562
2563
2565
2566
2567
2568
2569
2571
2572
2574
2575
2576
2577
2581
2582
2586
2588
2589
2590
2591
2592
2594
2597
2598
2600
2601
2603
2604
2606
2607
2609
2610
2611
2612
2613
2615
2616
2617
2618
2619
2620
2621
2622
2626
2627
2628
2632
2633
2634
2635
2636
2637
2638
2640
2641
2642
2643
2644
2645
2646
2647
2649
2651
2653
2655
2656
2657
2660
2662
2663
2665
2666
2667
2668
2669
2670
2671
2673
2674
2675
2676
2677
2678
2679
2680
2681
2682
2683
2684
2688
2690
2691
2692
2694
2695
2698
2699
2700
2701
2704
2705
2707
2708
2710
2711
2713
2714
2715
2716
2717
2719
2722
2723
2724
2725
2727
2728
2729
2730
2731
2732
2733
2736
2738
2739
2741
2742
2744
2745
2746
2747
2748
2750
2751
2752
2754
2755
2758
2759
2760
2761
2762
2763
2764
2765
2767
2768
2770
2771
2772
2775
2776
2777
2779
2780
2783
2784
2785
2786
2787
2788
2791
2792
2796
2798
2799
2802
2803
2804
2806
2807
2808
2809
2811
2814
2817
2818
2819
2820
2821
2822
2825
2827
2828
2829
2830
2832
2835
2837
2838
2840
2841
2842
2843
2845
2846
2848
2849
2850
2852
2854
2855
2856
2858
2859
2863
2864
2866
2867
2868
2870
2871
2872
2874
2875
2876
2878
2879
2880
2881
2882
2883
2884
2885
2887
2888
2889
2890
2891
2892
2893
2894
2895
2898
2899
2900
2901
2902
2904
2905
2907
2910
2911
2912
2914
2915
2917
2918
2920
2922
2923
2924
2925
2926
2929
2930
2932
2933
2934
2935
2936
2937
2939
2940
2941
2942
2943
2944
2945
2946
2948
2950
2951
2952
2953
2954
2955
2956
2957
2958
2959
2961
2962
2963
2964
2965
2967
2968
2970
2971
2972
2973
2974
2975
2976
2978
2979
2980
2982
2983
2984
2985
2986
2987
2988
2989
2990
2991
2992
2993
2994
2995
2997
2999
