3000
3001
3002
3003
3004
3005
3006
3008
3011
3012
3013
3015
3016
3017
3018
3019
3020
3021
3023
3024
3025
3030
3032
3035
3036
3037
3039
3040
3042
3045
3046
3047
3048
3049
3050
3051
3052
3053
3054
3055
3057
3059
3061
3062
3064
3066
3067
3069
3072
3073
3074
3075
3076
3078
3079
3080
3082
3083
3084
3086
3087
3088
3090
3091
3095
3096
3097
3099
3100
3101
3102
3103
3104
3105
3107
3108
3109
3110
3111
3113
3114
3115
3117
3118
3120
3122
3124
3125
3126
3127
3128
3129
3132
3133
3134
3135
3136
3137
3138
3139
3140
3141
3142
3143
3144
3145
3146
3147
3148
3149
3150
3151
3153
3154
3155
3156
3157
3158
3159
3160
3161
3163
3166
3167
3168
3171
3172
3173
3175
3176
3177
3178
3179
3180
3181
3182
3183
3184
3185
3186
3187
3188
3189
3191
3193
3197
3199
3200
3202
3203
3204
3206
3207
3209
3210
3211
3212
3213
3216
3217
3218
3220
3221
3222
3223
3224
3225
3227
3228
3230
3231
3232
3233
3234
3235
3236
3237
3238
3241
3242
3243
3245
3246
3248
3249
3250
3251
3252
3255
3256
3257
3258
3260
3262
3264
3265
3266
3267
3268
3269
3270
3271
3272
3274
3275
3276
3277
3278
3279
3280
3281
3283
3284
3285
3286
3288
3291
3292
3295
3296
3297
3298
3299
3300
3302
3303
3304
3305
3306
3308
3309
3310
3311
3312
3314
3315
3316
3317
3319
3321
3322
3324
3325
3326
3329
3332
3333
3336
3337
3338
3339
3340
3341
3343
3344
3346
3347
3348
3349
3351
3352
3353
3354
3355
3357
3360
3362
3363
3364
3365
3366
3369
3373
3374
3375
3376
3377
3378
3379
3380
3382
3384
3387
3388
3389
3390
3393
3394
3395
3397
3398
3399
3400
3402
3403
3404
3405
3406
3407
3408
3409
3410
3411
3412
3413
3414
3416
3417
3418
3419
3420
3421
3422
3423
3424
3428
3430
3431
3432
3434
3435
3437
3439
3440
3442
3444
3445
3446
3447
3448
3450
3451
3452
3453
3454
3455
3457
3458
3459
3460
3461
3463
3464
3466
3467
3470
3471
3472
3473
3474
3475
3476
3478
3480
3481
3482
3484
3485
3486
3487
3488
3489
3490
3491
3492
3493
3496
3499
3500
3501
3502
3504
3505
3506
3507
3508
3510
3513
3514
3516
3517
3518
3519
3521
3522
3523
3524
3525
3528
3529
3530
3531
3532
3534
3535
3537
3538
3539
3542
3543
3544
3545
3546
3548
3549
3550
3551
3552
3554
3555
3556
3557
3558
3559
3560
3562
3564
3565
3566
3567
3569
3570
3571
3572
3573
3574
3575
3578
3579
3580
3581
3582
3583
3584
3585
3587
3589
3591
3592
3593
3594
3595
3596
3597
3598
3599
3600
3601
3606
3607
3609
3610
3611
3612
3613
3614
3615
3616
3617
3618
3619
3620
3621
3622
3623
3624
3626
3627
3629
3630
3632
3635
3636
3637
3638
3639
3640
3643
3644
3645
3647
3648
3649
3650
3653
3654
3655
3657
3658
3659
3660
3661
3662
3663
3664
3665
3666
3668
3669
3671
3672
3673
3674
3677
3678
3679
3680
3681
3682
3683
3685
3687
3688
3691
3693
3694
3695
3696
3697
3698
3701
3702
3703
3704
3706
3707
3708
3709
3711
3712
3713
3714
3715
3718
3721
3722
3723
3724
3725
3726
3728
3730
3731
3732
3733
3734
3736
3738
3740
3741
3742
3743
3744
3745
3746
3750
3751
3752
3754
3755
3756
3757
3759
3760
3761
3762
3764
3766
3768
3769
3770
3771
3773
3774
3775
3776
3777
3779
3780
3781
3782
3783
3784
3785
3787
3788
3789
3790
3791
3792
3793
3794
3795
3796
3797
3798
3800
3801
3802
3803
3804
3806
3807
3808
3809
3810
3812
3813
3815
3816
3817
3819
3820
3821
3822
3823
3824
3826
3827
3828
3829
3830
3831
3832
3833
3834
3835
3837
3838
3839
3840
3841
3842
3843
3844
3845
3848
3849
3851
3852
3853
3854
3855
3856
3857
3858
3859
3860
3861
3862
3864
3865
3866
3867
3868
3869
3871
3872
3873
3874
3875
3876
3877
3879
3880
3881
3882
3883
3884
3886
3887
3890
3892
3893
3894
3895
3898
3899
3900
3901
3903
3904
3905
3906
3908
3909
3910
3912
3915
3916
3918
3919
3920
3923
3925
3926
3927
3928
3929
3931
3933
3934
3935
3936
3937
3938
3939
3941
3942
3943
3944
3945
3946
3947
3949
3950
3952
3954
3956
3958
3959
3960
3962
3963
3964
3965
3966
3967
3968
3970
3971
3972
3974
3975
3977
3978
3979
3981
3983
3984
3985
3986
3988
3990
3991
3992
3993
3994
3995
3996
3999
