4002
4004
4005
4006
4008
4009
4010
4011
4012
4013
4014
4015
4016
4017
4018
4019
4021
4022
4027
4029
4030
4031
4032
4033
4036
4037
4038
4039
4040
4041
4043
4044
4045
4046
4047
4048
4049
4050
4051
4053
4054
4056
4057
4058
4059
4060
4061
4062
4063
4064
4067
4069
4070
4071
4072
4073
4074
4075
4076
4078
4080
4081
4082
4083
4084
4085
4086
4087
4088
4089
4090
4091
4092
4093
4094
4095
4096
4097
4099
4100
4101
4103
4104
4105
4107
4108
4109
4110
4111
4112
4113
4115
4117
4118
4119
4120
4121
4122
4125
4127
4128
4129
4130
4131
4132
4133
4136
4137
4138
4139
4140
4142
4145
4146
4147
4149
4150
4151
4152
4153
4154
4155
4156
4157
4159
4160
4162
4165
4166
4168
4170
4171
4172
4173
4174
4175
4176
4177
4178
4180
4181
4182
4183
4184
4185
4186
4188
4189
4190
4191
4192
4193
4194
4195
4196
4199
4200
4201
4202
4204
4205
4206
4207
4208
4210
4211
4212
4214
4215
4216
4217
4218
4219
4220
4221
4222
4225
4226
4227
4228
4229
4230
4231
4233
4235
4236
4237
4238
4239
4240
4241
4242
4244
4245
4247
4249
4250
4252
4253
4254
4255
4258
4259
4260
4261
4262
4263
4265
4267
4268
4269
4274
4275
4276
4277
4278
4279
4281
4282
4283
4285
4286
4287
4289
4290
4291
4292
4293
4294
4295
4296
4298
4299
4300
4301
4302
4303
4304
4308
4309
4310
4312
4313
4314
4315
4316
4317
4321
4322
4324
4325
4326
4328
4329
4331
4332
4334
4336
4337
4338
4339
4340
4341
4342
4343
4344
4348
4349
4351
4352
4354
4356
4358
4359
4360
4361
4362
4363
4365
4366
4367
4369
4370
4371
4374
4377
4380
4385
4387
4389
4390
4391
4392
4393
4396
4398
4399
4400
4401
4404
4405
4406
4407
4408
4411
4412
4413
4414
4415
4416
4420
4421
4422
4423
4424
4425
4426
4427
4428
4429
4430
4431
4432
4434
4436
4437
4438
4440
4441
4442
4443
4444
4446
4448
4449
4450
4451
4452
4453
4454
4455
4456
4458
4459
4462
4465
4466
4467
4469
4471
4472
4474
4475
4476
4477
4478
4479
4480
4481
4483
4484
4486
4487
4489
4490
4491
4492
4493
4494
4496
4497
4499
4500
4501
4504
4505
4506
4508
4509
4510
4511
4515
4516
4517
4520
4521
4522
4523
4524
4525
4528
4529
4530
4531
4532
4533
4534
4535
4537
4538
4539
4541
4542
4543
4545
4546
4548
4550
4551
4552
4553
4554
4556
4560
4561
4562
4563
4564
4565
4568
4575
4578
4581
4582
4584
4585
4586
4587
4588
4589
4590
4591
4593
4594
4595
4596
4597
4598
4600
4602
4603
4606
4607
4608
4609
4610
4611
4614
4615
4616
4619
4621
4622
4623
4624
4625
4626
4627
4628
4629
4631
4633
4635
4636
4637
4638
4639
4640
4641
4642
4645
4646
4647
4648
4650
4651
4652
4654
4655
4657
4658
4662
4663
4664
4665
4666
4668
4669
4671
4672
4674
4678
4679
4680
4681
4682
4684
4685
4686
4688
4689
4690
4691
4692
4693
4694
4695
4697
4698
4699
4701
4702
4703
4704
4705
4707
4709
4710
4712
4713
4715
4716
4717
4718
4720
4721
4722
4723
4724
4726
4728
4729
4730
4732
4733
4736
4737
4738
4740
4742
4743
4746
4748
4751
4752
4753
4754
4756
4757
4758
4759
4761
4762
4763
4764
4765
4766
4767
4768
4769
4770
4771
4772
4774
4775
4778
4779
4781
4782
4783
4784
4785
4790
4792
4795
4797
4800
4802
4804
4805
4806
4807
4808
4809
4810
4811
4812
4813
4814
4816
4817
4818
4819
4820
4821
4823
4824
4825
4826
4827
4828
4829
4832
4833
4834
4835
4837
4838
4839
4840
4844
4845
4846
4847
4848
4849
4850
4851
4853
4855
4856
4857
4858
4859
4860
4861
4862
4864
4865
4867
4869
4871
4872
4874
4875
4876
4878
4879
4880
4881
4882
4886
4887
4888
4891
4894
4895
4896
4897
4899
4901
4903
4904
4905
4906
4908
4909
4911
4912
4913
4914
4915
4916
4917
4918
4921
4922
4924
4925
4926
4927
4928
4931
4932
4935
4936
4937
4938
4939
4942
4943
4944
4947
4951
4952
4954
4955
4956
4957
4958
4959
4961
4962
4963
4964
4966
4967
4968
4970
4971
4972
4975
4976
4977
4978
4980
4981
4984
4986
4987
4988
4989
4993
4994
4995
4996
4998
4999
