5002
5003
5004
5005
5006
5007
5008
5009
5010
5011
5012
5013
5014
5015
5016
5017
5018
5019
5020
5021
5022
5023
5025
5026
5027
5028
5029
5030
5031
5032
5033
5034
5035
5036
5041
5042
5043
5044
5045
5048
5049
5052
5053
5055
5057
5058
5059
5060
5061
5062
5063
5065
5066
5069
5074
5075
5076
5078
5080
5081
5082
5083
5085
5086
5088
5090
5092
5093
5094
5096
5097
5098
5100
5102
5103
5104
5105
5106
5107
5108
5109
5110
5111
5112
5114
5115
5116
5117
5118
5119
5122
5123
5124
5126
5127
5128
5129
5130
5133
5136
5137
5139
5141
5145
5146
5147
5148
5149
5150
5152
5153
5154
5155
5156
5159
5160
5161
5162
5163
5164
5165
5166
5168
5172
5175
5177
5178
5179
5180
5181
5183
5186
5188
5190
5191
5193
5194
5195
5196
5197
5198
5200
5202
5206
5207
5209
5211
5214
5216
5217
5221
5222
5223
5224
5225
5226
5227
5228
5229
5230
5231
5232
5233
5235
5236
5237
5238
5239
5241
5242
5243
5245
5246
5248
5249
5250
5251
5252
5253
5254
5255
5257
5258
5260
5261
5263
5267
5268
5271
5274
5275
5276
5277
5278
5279
5281
5283
5284
5286
5287
5288
5290
5291
5292
5293
5294
5295
5298
5299
5300
5301
5302
5303
5304
5305
5306
5307
5308
5309
5310
5312
5313
5314
5315
5316
5317
5318
5319
5320
5321
5323
5324
5325
5326
5327
5328
5329
5330
5331
5332
5333
5336
5337
5338
5339
5340
5342
5344
5346
5347
5349
5350
5351
5352
5353
5354
5356
5357
5359
5360
5361
5364
5366
5367
5368
5369
5370
5371
5372
5373
5374
5375
5376
5378
5379
5380
5383
5384
5385
5387
5388
5389
5391
5392
5393
5394
5396
5397
5398
5401
5402
5404
5406
5407
5408
5409
5411
5412
5414
5415
5417
5419
5421
5422
5426
5427
5428
5432
5433
5434
5437
5441
5442
5444
5445
5446
5447
5449
5451
5453
5455
5456
5458
5459
5461
5462
5463
5464
5465
5466
5467
5469
5470
5471
5472
5473
5474
5475
5476
5477
5479
5480
5481
5482
5483
5484
5487
5488
5489
5490
5492
5493
5494
5496
5499
5500
5501
5502
5503
5504
5505
5506
5507
5508
5509
5510
5512
5513
5514
5515
5516
5517
5518
5519
5522
5523
5525
5529
5531
5534
5535
5536
5537
5538
5539
5540
5541
5543
5544
5545
5546
5547
5548
5551
5553
5555
5556
5557
5558
5559
5563
5564
5566
5567
5568
5569
5570
5571
5575
5576
5578
5579
5580
5581
5584
5586
5587
5592
5593
5594
5595
5596
5601
5602
5605
5606
5607
5608
5610
5612
5613
5616
5617
5618
5619
5620
5621
5622
5623
5624
5625
5626
5629
5630
5631
5632
5634
5635
5636
5637
5639
5640
5643
5645
5646
5647
5648
5649
5650
5652
5653
5654
5655
5657
5659
5661
5662
5666
5667
5668
5669
5671
5672
5673
5674
5675
5677
5680
5681
5683
5684
5685
5686
5687
5688
5690
5691
5692
5693
5697
5698
5699
5700
5701
5702
5703
5706
5708
5710
5711
5712
5713
5714
5715
5716
5718
5719
5721
5722
5723
5725
5727
5728
5731
5735
5736
5739
5740
5742
5743
5744
5745
5746
5747
5748
5749
5750
5751
5752
5753
5754
5755
5756
5757
5758
5760
5761
5762
5763
5764
5766
5767
5768
5769
5770
5771
5772
5773
5774
5775
5777
5778
5779
5780
5783
5784
5785
5788
5789
5791
5792
5793
5796
5798
5799
5801
5803
5804
5805
5806
5807
5808
5809
5810
5813
5814
5815
5816
5817
5818
5819
5820
5821
5822
5825
5826
5827
5828
5830
5831
5832
5833
5834
5835
5836
5837
5840
5841
5842
5843
5845
5846
5847
5848
5849
5850
5851
5853
5854
5855
5857
5860
5862
5864
5865
5866
5867
5868
5869
5870
5871
5872
5873
5874
5877
5878
5880
5881
5883
5885
5886
5887
5888
5890
5891
5892
5894
5895
5897
5899
5900
5901
5902
5903
5904
5905
5907
5908
5909
5911
5912
5913
5914
5915
5916
5917
5918
5919
5920
5921
5923
5925
5928
5929
5930
5931
5933
5934
5935
5937
5938
5939
5940
5941
5943
5944
5945
5946
5947
5950
5951
5953
5954
5955
5956
5957
5958
5960
5961
5962
5964
5965
5966
5968
5970
5972
5973
5974
5976
5977
5978
5979
5985
5988
5989
5990
5991
5992
5993
5994
5995
5996
5997
5998
