6001
6002
6003
6004
6005
6006
6007
6008
6011
6012
6013
6015
6020
6021
6024
6025
6027
6028
6029
6030
6032
6033
6035
6037
6038
6039
6040
6041
6042
6043
6044
6045
6046
6047
6049
6050
6053
6056
6057
6058
6060
6063
6064
6065
6066
6069
6070
6071
6073
6075
6077
6079
6081
6082
6084
6085
6086
6087
6088
6089
6091
6092
6093
6094
6096
6097
6098
6099
6100
6101
6102
6103
6104
6106
6107
6108
6109
6111
6112
6115
6116
6117
6119
6120
6121
6122
6123
6124
6125
6126
6129
6130
6131
6132
6133
6134
6135
6137
6138
6139
6140
6141
6142
6143
6144
6145
6146
6147
6148
6150
6151
6153
6154
6155
6156
6157
6158
6159
6160
6164
6166
6169
6171
6172
6173
6174
6176
6177
6179
6180
6183
6184
6185
6187
6190
6191
6192
6193
6194
6195
6196
6197
6198
6199
6200
6201
6202
6203
6205
6206
6208
6209
6210
6211
6213
6214
6215
6216
6217
6218
6219
6220
6221
6222
6224
6225
6226
6227
6229
6230
6231
6233
6235
6236
6237
6239
6240
6241
6242
6244
6247
6248
6249
6250
6252
6253
6254
6255
6256
6258
6259
6262
6264
6265
6266
6267
6268
6269
6270
6271
6272
6274
6275
6276
6277
6280
6281
6282
6283
6284
6285
6286
6289
6291
6292
6294
6296
6297
6298
6299
6300
6301
6302
6303
6304
6305
6306
6307
6309
6310
6312
6314
6315
6316
6318
6319
6320
6321
6323
6324
6326
6328
6329
6331
6332
6334
6335
6337
6338
6339
6341
6342
6343
6344
6345
6346
6347
6350
6351
6352
6354
6355
6356
6357
6358
6360
6361
6363
6364
6365
6368
6369
6374
6375
6376
6377
6378
6382
6387
6388
6390
6392
6393
6394
6395
6396
6397
6399
6400
6402
6404
6405
6407
6408
6410
6411
6412
6413
6419
6420
6421
6423
6424
6425
6426
6427
6428
6431
6432
6433
6434
6435
6436
6438
6439
6440
6441
6443
6444
6445
6446
6450
6451
6452
6454
6455
6457
6458
6459
6460
6461
6463
6464
6465
6466
6470
6471
6472
6473
6474
6475
6476
6477
6478
6480
6482
6484
6485
6489
6490
6491
6492
6494
6495
6498
6499
6501
6503
6504
6505
6506
6507
6508
6511
6514
6515
6516
6517
6519
6521
6523
6525
6527
6528
6529
6530
6531
6532
6535
6536
6537
6538
6539
6540
6541
6542
6543
6544
6545
6546
6547
6548
6549
6550
6551
6552
6553
6554
6555
6556
6557
6560
6561
6562
6564
6565
6566
6567
6568
6569
6571
6572
6575
6576
6577
6578
6580
6582
6584
6586
6588
6589
6590
6591
6592
6593
6595
6597
6598
6599
6605
6606
6607
6608
6609
6610
6612
6613
6614
6615
6616
6617
6618
6623
6624
6625
6626
6627
6628
6629
6630
6631
6633
6634
6636
6637
6638
6640
6641
6642
6645
6646
6648
6649
6652
6655
6656
6657
6658
6660
6662
6663
6664
6665
6667
6668
6669
6670
6672
6673
6676
6677
6680
6681
6682
6683
6684
6685
6686
6691
6693
6694
6695
6696
6697
6702
6703
6706
6711
6712
6714
6716
6717
6718
6719
6720
6721
6722
6723
6724
6725
6726
6727
6729
6730
6731
6732
6733
6734
6736
6737
6738
6739
6740
6741
6742
6743
6744
6745
6747
6748
6749
6750
6751
6752
6753
6754
6755
6756
6757
6759
6760
6761
6762
6764
6765
6767
6768
6769
6771
6773
6774
6775
6776
6777
6778
6780
6783
6784
6789
6792
6793
6794
6795
6796
6799
6800
6801
6802
6803
6805
6806
6807
6808
6809
6810
6811
6813
6814
6815
6816
6817
6818
6819
6820
6822
6825
6826
6827
6829
6830
6831
6832
6833
6834
6835
6836
6838
6840
6841
6842
6843
6844
6845
6846
6847
6850
6853
6854
6855
6856
6857
6858
6859
6861
6862
6865
6866
6867
6870
6871
6872
6873
6874
6875
6876
6878
6879
6880
6881
6882
6883
6884
6885
6886
6887
6888
6889
6890
6891
6892
6893
6894
6896
6898
6899
6900
6901
6902
6903
6905
6907
6908
6909
6910
6911
6912
6913
6914
6917
6918
6919
6921
6922
6923
6924
6925
6926
6927
6929
6930
6931
6932
6933
6935
6937
6938
6939
6940
6941
6942
6943
6944
6945
6946
6948
6949
6951
6953
6954
6955
6956
6957
6958
6959
6960
6962
6963
6964
6965
6966
6970
6971
6974
6975
6977
6978
6979
6980
6981
6983
6984
6987
6989
6991
6993
6994
6995
6997
6999
