7000
7002
7004
7006
7007
7008
7010
7011
7012
7013
7014
7016
7017
7018
7019
7020
7021
7023
7024
7025
7026
7027
7028
7029
7030
7031
7033
7035
7036
7037
7040
7041
7042
7043
7045
7046
7047
7048
7049
7051
7052
7054
7055
7056
7058
7059
7060
7061
7062
7064
7071
7072
7074
7075
7076
7077
7078
7079
7081
7082
7083
7085
7086
7087
7088
7092
7093
7094
7095
7096
7100
7101
7103
7105
7107
7108
7109
7110
7111
7113
7114
7115
7117
7118
7119
7120
7122
7123
7124
7125
7127
7128
7129
7130
7131
7133
7135
7136
7139
7140
7142
7144
7146
7147
7148
7149
7150
7152
7153
7154
7155
7156
7159
7160
7161
7162
7163
7167
7169
7170
7171
7172
7173
7174
7176
7179
7180
7181
7182
7183
7184
7185
7186
7188
7189
7190
7192
7194
7195
7197
7198
7200
7202
7203
7204
7205
7206
7207
7209
7210
7211
7213
7214
7216
7217
7218
7219
7221
7222
7223
7224
7225
7226
7228
7229
7232
7233
7234
7235
7236
7237
7241
7242
7244
7245
7246
7247
7248
7250
7251
7253
7254
7255
7256
7257
7261
7262
7264
7265
7266
7267
7268
7270
7271
7273
7275
7276
7278
7281
7283
7284
7285
7286
7287
7288
7290
7291
7294
7295
7297
7299
7300
7301
7302
7304
7305
7307
7309
7310
7311
7312
7314
7316
7317
7320
7321
7322
7323
7324
7326
7327
7328
7329
7330
7331
7333
7334
7336
7337
7338
7339
7340
7343
7344
7348
7350
7351
7352
7353
7356
7358
7361
7362
7363
7364
7365
7366
7367
7369
7370
7371
7372
7373
7374
7375
7376
7377
7378
7380
7381
7382
7383
7384
7385
7387
7388
7391
7392
7393
7395
7399
7400
7402
7403
7404
7405
7406
7407
7408
7409
7410
7411
7412
7413
7414
7416
7418
7419
7420
7422
7424
7425
7426
7427
7428
7429
7430
7431
7432
7433
7434
7435
7436
7437
7438
7439
7441
7443
7444
7446
7447
7449
7450
7452
7454
7455
7456
7458
7459
7461
7466
7468
7469
7471
7472
7473
7474
7475
7476
7477
7478
7479
7480
7481
7482
7483
7484
7485
7486
7488
7489
7491
7493
7496
7497
7498
7499
7500
7501
7502
7503
7504
7506
7508
7509
7510
7513
7515
7518
7520
7521
7522
7523
7524
7527
7528
7529
7530
7531
7533
7534
7536
7537
7538
7539
7541
7542
7544
7545
7547
7548
7549
7551
7552
7553
7556
7557
7558
7559
7562
7563
7564
7565
7566
7567
7568
7569
7570
7571
7572
7573
7574
7575
7576
7579
7580
7581
7583
7584
7587
7588
7589
7590
7593
7595
7596
7598
7599
7600
7601
7604
7605
7606
7607
7608
7609
7610
7612
7613
7614
7617
7619
7620
7621
7622
7623
7625
7629
7630
7632
7633
7634
7635
7637
7640
7641
7642
7643
7644
7646
7648
7650
7651
7653
7656
7657
7658
7659
7660
7661
7663
7664
7667
7668
7672
7673
7674
7676
7677
7678
7679
7681
7682
7684
7686
7687
7689
7690
7693
7694
7695
7696
7699
7702
7703
7705
7708
7709
7710
7711
7713
7714
7715
7717
7723
7724
7726
7727
7729
7730
7731
7732
7733
7734
7735
7737
7739
7740
7741
7742
7744
7745
7746
7747
7748
7749
7750
7751
7752
7753
7755
7757
7758
7759
7761
7762
7764
7765
7766
7767
7770
7771
7774
7775
7777
7778
7780
7782
7783
7784
7785
7786
7788
7791
7792
7794
7795
7796
7798
7800
7801
7803
7805
7806
7808
7810
7811
7814
7815
7817
7818
7819
7820
7822
7823
7824
7825
7826
7829
7831
7832
7834
7835
7837
7838
7839
7840
7841
7842
7844
7846
7847
7849
7850
7851
7853
7854
7855
7856
7857
7858
7859
7860
7861
7863
7865
7866
7867
7869
7870
7871
7872
7873
7874
7877
7878
7880
7883
7884
7885
7886
7887
7888
7889
7890
7892
7893
7894
7896
7899
7901
7903
7904
7905
7907
7908
7909
7911
7912
7913
7914
7915
7916
7917
7918
7919
7920
7922
7923
7925
7926
7928
7929
7930
7933
7934
7935
7937
7938
7941
7942
7943
7944
7945
7946
7948
7951
7953
7954
7955
7956
7957
7958
7959
7960
7961
7962
7963
7964
7966
7968
7969
7970
7972
7975
7976
7978
7979
7980
7982
7983
7985
7986
7987
7988
7989
7990
7991
7992
7993
7995
7996
7997
7998
7999
