8001
8002
8003
8005
8006
8007
8008
8009
8010
8012
8014
8015
8016
8017
8018
8020
8022
8024
8025
8026
8028
8030
8031
8032
8033
8036
8037
8038
8039
8040
8041
8042
8043
8044
8045
8046
8047
8048
8049
8050
8051
8052
8053
8054
8055
8057
8058
8059
8060
8062
8063
8064
8065
8066
8067
8068
8069
8070
8071
8074
8076
8078
8079
8081
8084
8085
8086
8089
8090
8091
8092
8093
8094
8095
8096
8098
8099
8100
8101
8103
8105
8107
8108
8109
8110
8111
8112
8114
8115
8116
8118
8119
8120
8121
8124
8126
8129
8130
8131
8132
8133
8137
8138
8139
8140
8141
8143
8144
8145
8146
8147
8150
8152
8153
8154
8156
8157
8158
8159
8160
8161
8162
8163
8164
8165
8166
8169
8171
8172
8175
8176
8177
8178
8179
8180
8182
8184
8185
8186
8188
8189
8190
8191
8192
8193
8195
8196
8197
8198
8199
8200
8202
8203
8204
8205
8206
8207
8209
8211
8212
8213
8214
8215
8216
8218
8220
8223
8224
8225
8227
8228
8230
8231
8234
8235
8237
8238
8239
8240
8241
8242
8243
8244
8245
8246
8247
8249
8250
8251
8252
8253
8254
8255
8257
8258
8259
8260
8264
8265
8266
8267
8268
8269
8270
8271
8272
8273
8274
8275
8276
8279
8281
8282
8283
8284
8285
8286
8288
8289
8290
8293
8294
8296
8297
8298
8299
8300
8301
8304
8305
8307
8310
8311
8312
8313
8314
8315
8316
8317
8318
8319
8321
8322
8324
8325
8326
8327
8329
8330
8331
8332
8333
8335
8336
8337
8338
8339
8340
8342
8343
8344
8345
8346
8347
8348
8349
8350
8351
8354
8355
8356
8357
8359
8360
8361
8365
8366
8367
8369
8370
8371
8372
8373
8374
8375
8376
8377
8378
8379
8380
8381
8382
8383
8384
8385
8386
8387
8388
8389
8390
8391
8392
8393
8394
8395
8396
8398
8399
8400
8402
8403
8404
8406
8409
8410
8411
8413
8414
8415
8416
8417
8418
8421
8422
8423
8426
8427
8428
8429
8431
8432
8433
8434
8436
8438
8439
8440
8442
8444
8446
8447
8449
8450
8451
8454
8455
8456
8458
8459
8460
8461
8462
8463
8464
8465
8466
8467
8469
8470
8471
8473
8474
8476
8477
8478
8479
8480
8482
8483
8484
8485
8486
8488
8489
8490
8491
8494
8496
8497
8498
8500
8503
8504
8507
8508
8510
8512
8513
8514
8516
8518
8519
8520
8521
8522
8523
8524
8526
8527
8528
8529
8530
8532
8533
8534
8538
8539
8541
8542
8543
8545
8546
8547
8548
8549
8550
8551
8554
8555
8556
8558
8559
8560
8561
8564
8568
8569
8571
8575
8576
8577
8578
8579
8580
8581
8582
8584
8585
8588
8590
8591
8592
8593
8595
8596
8597
8598
8599
8600
8601
8602
8603
8604
8606
8607
8608
8609
8610
8612
8613
8617
8618
8619
8620
8623
8626
8627
8628
8629
8630
8631
8632
8634
8635
8637
8638
8640
8642
8643
8644
8645
8647
8648
8651
8652
8653
8654
8655
8656
8657
8659
8660
8662
8664
8667
8668
8669
8672
8673
8674
8675
8677
8678
8679
8680
8682
8683
8684
8686
8687
8688
8689
8690
8691
8693
8695
8696
8697
8699
8701
8704
8705
8707
8709
8710
8712
8713
8714
8715
8716
8717
8719
8720
8721
8724
8725
8726
8728
8729
8730
8731
8732
8733
8736
8741
8743
8745
8746
8747
8748
8749
8754
8756
8757
8758
8759
8760
8761
8762
8763
8764
8766
8767
8768
8769
8770
8772
8774
8775
8777
8780
8784
8785
8786
8787
8788
8789
8790
8793
8794
8795
8796
8798
8799
8800
8802
8803
8804
8805
8806
8809
8811
8812
8813
8814
8815
8816
8819
8820
8821
8822
8823
8824
8825
8826
8827
8828
8829
8830
8831
8833
8834
8835
8836
8837
8839
8840
8841
8844
8845
8846
8847
8848
8849
8850
8851
8852
8855
8857
8859
8860
8861
8862
8863
8865
8867
8869
8870
8871
8872
8873
8874
8875
8877
8878
8879
8880
8881
8883
8885
8886
8888
8889
8890
8892
8893
8894
8895
8896
8898
8899
8900
8901
8902
8903
8904
8905
8906
8908
8910
8912
8913
8914
8916
8917
8919
8921
8922
8927
8928
8930
8932
8933
8936
8938
8939
8940
8941
8942
8943
8944
8945
8946
8947
8948
8950
8951
8953
8954
8955
8956
8957
8959
8960
8961
8964
8965
8967
8971
8972
8973
8974
8976
8977
8978
8980
8982
8984
8985
8986
8987
8989
8990
8992
8993
8994
8995
8996
8997
8998
8999
