9000
9001
9002
9003
9004
9005
9007
9008
9009
9010
9011
9012
9013
9015
9018
9019
9020
9021
9022
9023
9026
9030
9033
9034
9036
9037
9038
9039
9041
9044
9046
9047
9049
9050
9051
9052
9054
9058
9059
9060
9061
9063
9065
9070
9071
9072
9073
9074
9076
9077
9080
9081
9083
9086
9088
9091
9093
9095
9097
9098
9100
9101
9102
9104
9105
9106
9107
9108
9110
9111
9112
9113
9114
9116
9117
9118
9119
9120
9121
9123
9124
9125
9126
9127
9128
9129
9132
9133
9134
9136
9137
9140
9141
9143
9144
9147
9148
9149
9152
9153
9154
9156
9159
9160
9161
9162
9163
9164
9166
9167
9169
9171
9172
9173
9174
9175
9176
9177
9180
9183
9184
9185
9186
9187
9188
9189
9190
9191
9192
9193
9194
9195
9197
9199
9200
9201
9202
9203
9204
9205
9207
9208
9211
9213
9214
9215
9216
9219
9220
9221
9222
9223
9224
9225
9227
9228
9229
9230
9231
9232
9233
9234
9236
9237
9239
9240
9241
9242
9243
9244
9246
9248
9251
9252
9253
9255
9256
9257
9258
9260
9261
9262
9266
9268
9269
9270
9271
9272
9275
9276
9278
9279
9282
9283
9284
9285
9286
9287
9288
9290
9293
9294
9295
9296
9297
9298
9300
9301
9302
9305
9306
9307
9309
9311
9313
9314
9315
9316
9317
9320
9321
9322
9323
9325
9327
9328
9329
9330
9331
9333
9336
9337
9338
9339
9340
9341
9343
9345
9346
9350
9351
9352
9353
9355
9356
9357
9358
9359
9360
9362
9363
9364
9365
9366
9367
9368
9369
9370
9371
9372
9373
9374
9375
9376
9377
9378
9379
9380
9381
9382
9383
9384
9385
9386
9387
9388
9390
9391
9392
9393
9394
9395
9396
9399
9400
9402
9403
9404
9405
9406
9408
9409
9410
9411
9412
9413
9414
9416
9417
9419
9421
9422
9423
9424
9425
9426
9427
9429
9430
9431
9432
9433
9434
9436
9438
9439
9440
9441
9442
9443
9444
9447
9448
9449
9451
9452
9453
9454
9455
9457
9458
9459
9460
9461
9462
9463
9464
9465
9466
9467
9468
9469
9471
9473
9474
9475
9479
9480
9481
9482
9483
9484
9486
9487
9489
9491
9492
9493
9494
9495
9497
9498
9499
9500
9501
9502
9503
9504
9506
9507
9509
9510
9512
9513
9514
9516
9517
9518
9519
9520
9522
9525
9527
9528
9530
9531
9532
9533
9534
9535
9536
9537
9538
9539
9540
9542
9543
9544
9545
9546
9548
9549
9551
9552
9557
9558
9559
9561
9563
9564
9565
9567
9568
9569
9570
9571
9572
9573
9574
9575
9577
9578
9580
9581
9582
9583
9584
9585
9589
9590
9591
9592
9594
9595
9596
9597
9598
9599
9600
9601
9602
9603
9605
9606
9607
9608
9609
9611
9612
9613
9614
9615
9616
9620
9621
9622
9623
9624
9626
9627
9628
9629
9630
9631
9632
9633
9634
9635
9636
9637
9639
9641
9642
9644
9645
9647
9649
9650
9651
9652
9656
9657
9661
9663
9664
9667
9669
9670
9672
9673
9676
9677
9678
9679
9681
9682
9684
9685
9686
9687
9688
9690
9691
9693
9694
9696
9697
9699
9701
9702
9703
9707
9708
9709
9712
9713
9715
9716
9717
9718
9720
9721
9722
9724
9725
9727
9728
9729
9730
9731
9732
9734
9735
9736
9738
9739
9740
9742
9743
9744
9746
9747
9748
9749
9750
9751
9752
9753
9754
9756
9758
9759
9760
9761
9765
9766
9767
9768
9769
9770
9771
9772
9773
9774
9775
9776
9777
9778
9779
9780
9782
9783
9784
9785
9786
9787
9789
9791
9793
9794
9796
9798
9800
9801
9802
9803
9804
9806
9807
9808
9810
9811
9812
9814
9815
9817
9818
9819
9820
9821
9823
9824
9825
9826
9828
9829
9830
9831
9833
9836
9837
9838
9839
9840
9842
9843
9844
9845
9846
9847
9851
9852
9854
9857
9858
9859
9860
9862
9864
9865
9868
9869
9872
9873
9874
9876
9877
9879
9880
9882
9883
9886
9887
9888
9889
9890
9893
9894
9896
9897
9901
9902
9903
9904
9905
9906
9908
9910
9912
9914
9915
9916
9919
9920
9921
9922
9923
9924
9925
9926
9927
9928
9930
9932
9933
9934
9935
9936
9938
9939
9940
9942
9943
9944
9946
9947
9948
9949
9951
9953
9954
9955
9956
9957
9958
9959
9960
9962
9965
9966
9967
9969
9971
9972
9973
9976
9977
9978
9979
9980
9981
9982
9983
9985
9986
9987
9988
9989
9990
9991
9992
9993
9995
9996
9998
9999
